#(0 0 103 27 0 0 0 3 16292 -1 -1 -1 -1 -1 -1)
#(0 0 102 26 0 0 0 5 26840 -1 -1 -1 -1 -1 -1)
#(0 0 107 26 0 0 0 7 37388 -1 -1 -1 -1 -1 -1)
#(0 0 105 30 0 0 0 9 48031 -1 -1 -1 -1 -1 -1)
#(0 0 111 27 0 0 0 12 63799 -1 -1 -1 -1 -1 -1)
#(0 0 113 23 0 0 0 23 121809 -1 -1 -1 -1 -1 -1)
#(0 0 112 23 0 0 0 31 164054 -1 -1 -1 -1 -1 -1)
#(0 0 108 23 0 0 0 44 232694 -1 -1 -1 -1 -1 -1)
#(0 0 110 20 0 0 0 50 264324 -1 -1 -1 -1 -1 -1)
#(0 0 106 27 0 0 1 97 516988 -1 -1 -1 -1 -1 -1)
#(0 0 101 32 0 0 1 73 390170 -1 -1 -1 -1 -1 -1)
#(0 0 104 34 0 0 1 61 326785 -1 -1 -1 -1 -1 -1)
#(0 0 109 26 0 0 1 50 268858 -1 -1 -1 -1 -1 -1)
#(0 0 114 26 0 0 1 44 237184 -1 -1 -1 -1 -1 -1)
#(0 1 122 26 0 0 0 16 84896 -1 -1 -1 -1 -1 -1)
#(0 1 121 32 0 0 0 25 132521 -1 -1 -1 -1 -1 -1)
#(0 1 120 20 0 0 0 32 169284 -1 -1 -1 -1 -1 -1)
#(0 1 123 20 0 0 0 38 200959 -1 -1 -1 -1 -1 -1)
#(0 1 117 27 0 0 0 60 317258 -1 -1 -1 -1 -1 -1)
#(0 1 116 29 0 0 0 61 322576 -1 -1 -1 -1 -1 -1)
#(0 1 115 25 0 0 1 94 501176 -1 -1 -1 -1 -1 -1)
#(0 1 118 29 0 0 1 81 432465 -1 -1 -1 -1 -1 -1)
#(0 1 119 20 0 0 1 40 216147 -1 -1 -1 -1 -1 -1)
#(0 2 133 30 0 0 0 1 5777 -1 -1 -1 -1 -1 -1)
#(0 2 124 32 0 0 0 10 53343 -1 -1 -1 -1 -1 -1)
#(0 2 129 27 0 0 0 14 74372 -1 -1 -1 -1 -1 -1)
#(0 2 132 32 0 0 0 15 79721 -1 -1 -1 -1 -1 -1)
#(0 2 130 30 0 0 0 20 106104 -1 -1 -1 -1 -1 -1)
#(0 2 135 30 0 0 0 24 127217 -1 -1 -1 -1 -1 -1)
#(0 2 127 30 0 0 0 52 275078 -1 -1 -1 -1 -1 -1)
#(0 2 125 25 0 0 1 77 411422 -1 -1 -1 -1 -1 -1)
#(0 2 126 34 0 0 1 72 384857 -1 -1 -1 -1 -1 -1)
#(0 2 128 34 0 0 1 55 295105 -1 -1 -1 -1 -1 -1)
#(0 2 131 20 0 0 1 54 290072 -1 -1 -1 -1 -1 -1)
#(0 2 134 32 0 0 1 47 252919 -1 -1 -1 -1 -1 -1)
#(0 3 141 24 0 0 0 5 26807 -1 -1 -1 -1 -1 -1)
#(0 3 147 22 0 0 0 7 37317 -1 -1 -1 -1 -1 -1)
#(0 3 151 29 0 0 0 12 63834 -1 -1 -1 -1 -1 -1)
#(0 3 143 23 0 0 0 16 84859 -1 -1 -1 -1 -1 -1)
#(0 3 154 28 0 0 0 20 106046 -1 -1 -1 -1 -1 -1)
#(0 3 138 30 0 0 0 28 148365 -1 -1 -1 -1 -1 -1)
#(0 3 144 28 0 0 0 41 216951 -1 -1 -1 -1 -1 -1)
#(0 3 137 34 0 0 0 45 238191 -1 -1 -1 -1 -1 -1)
#(0 3 136 16 0 0 0 50 264267 -1 -1 -1 -1 -1 -1)
#(0 3 142 29 0 0 0 53 280336 -1 -1 -1 -1 -1 -1)
#(0 3 148 23 0 0 0 59 311900 -1 -1 -1 -1 -1 -1)
#(0 3 152 29 0 0 1 90 480004 -1 -1 -1 -1 -1 -1)
#(0 3 146 30 0 0 1 86 458856 -1 -1 -1 -1 -1 -1)
#(0 3 145 25 0 0 1 84 448394 -1 -1 -1 -1 -1 -1)
#(0 3 149 27 0 0 1 79 421960 -1 -1 -1 -1 -1 -1)
#(0 3 139 24 0 0 1 44 237191 -1 -1 -1 -1 -1 -1)
#(0 3 140 27 0 0 1 25 136822 -1 -1 -1 -1 -1 -1)
#(0 4 160 20 0 0 0 3 16175 -1 -1 -1 -1 -1 -1)
#(0 4 161 20 0 0 0 10 53132 -1 -1 -1 -1 -1 -1)
#(0 4 153 32 0 0 0 15 79744 -1 -1 -1 -1 -1 -1)
#(0 4 158 23 0 0 0 17 90155 -1 -1 -1 -1 -1 -1)
#(0 4 162 27 0 0 0 18 95486 -1 -1 -1 -1 -1 -1)
#(0 4 150 32 0 0 0 28 148372 -1 -1 -1 -1 -1 -1)
#(0 4 157 23 0 0 0 51 269676 -1 -1 -1 -1 -1 -1)
#(0 4 167 19 0 0 0 59 311823 -1 -1 -1 -1 -1 -1)
#(0 4 165 20 0 0 1 99 527676 -1 -1 -1 -1 -1 -1)
#(0 4 166 25 0 0 1 92 490639 -1 -1 -1 -1 -1 -1)
#(0 4 170 23 0 0 1 87 464271 -1 -1 -1 -1 -1 -1)
#(0 4 159 25 0 0 1 86 458956 -1 -1 -1 -1 -1 -1)
#(0 4 156 25 0 0 1 65 348057 -1 -1 -1 -1 -1 -1)
#(0 4 168 29 0 0 1 50 268804 -1 -1 -1 -1 -1 -1)
#(0 4 164 29 0 0 1 28 152638 -1 -1 -1 -1 -1 -1)
#(0 5 169 21 0 0 0 3 16165 -1 -1 -1 -1 -1 -1)
#(0 5 176 22 0 0 0 17 90108 -1 -1 -1 -1 -1 -1)
#(0 5 171 27 0 0 0 36 190532 -1 -1 -1 -1 -1 -1)
#(0 5 180 25 0 0 1 89 474805 -1 -1 -1 -1 -1 -1)
#(0 5 155 25 0 0 1 84 448369 -1 -1 -1 -1 -1 -1)
#(0 5 178 20 0 0 1 71 379832 -1 -1 -1 -1 -1 -1)
#(0 5 173 32 0 0 1 70 374344 -1 -1 -1 -1 -1 -1)
#(0 5 177 29 0 0 1 52 279358 -1 -1 -1 -1 -1 -1)
#(0 5 172 22 0 0 1 28 152767 -1 -1 -1 -1 -1 -1)
#(0 6 187 30 0 0 0 1 5793 -1 -1 -1 -1 -1 -1)
#(0 6 182 32 0 0 0 4 21670 -1 -1 -1 -1 -1 -1)
#(0 6 163 20 0 0 0 10 53139 -1 -1 -1 -1 -1 -1)
#(0 6 193 34 0 0 0 13 69199 -1 -1 -1 -1 -1 -1)
#(0 6 190 28 0 0 0 23 121892 -1 -1 -1 -1 -1 -1)
#(0 6 175 25 0 0 0 36 190482 -1 -1 -1 -1 -1 -1)
#(0 6 185 30 0 0 0 55 290911 -1 -1 -1 -1 -1 -1)
#(0 6 174 19 0 0 1 92 490723 -1 -1 -1 -1 -1 -1)
#(0 6 192 26 0 0 1 88 469498 -1 -1 -1 -1 -1 -1)
#(0 6 189 23 0 0 1 87 464258 -1 -1 -1 -1 -1 -1)
#(0 6 188 22 0 0 1 86 459006 -1 -1 -1 -1 -1 -1)
#(0 6 191 29 0 0 1 81 432484 -1 -1 -1 -1 -1 -1)
#(0 6 181 27 0 0 1 76 406096 -1 -1 -1 -1 -1 -1)
#(0 6 183 32 0 0 1 58 310977 -1 -1 -1 -1 -1 -1)
#(0 6 184 26 0 0 1 52 279422 -1 -1 -1 -1 -1 -1)
#(0 6 186 34 0 0 1 21 115585 -1 -1 -1 -1 -1 -1)
#(0 7 194 24 0 0 0 5 26815 -1 -1 -1 -1 -1 -1)
#(0 7 179 19 0 0 0 10 53101 -1 -1 -1 -1 -1 -1)
#(0 7 196 27 0 0 0 44 232773 -1 -1 -1 -1 -1 -1)
#(0 7 198 28 0 0 1 96 511689 -1 -1 -1 -1 -1 -1)
#(0 7 197 20 0 0 1 73 390384 -1 -1 -1 -1 -1 -1)
#(0 7 195 23 0 0 1 62 332244 -1 -1 -1 -1 -1 -1)
#(0 7 200 23 0 0 1 54 290035 -1 -1 -1 -1 -1 -1)
#(0 7 199 30 0 0 1 12 68136 -1 -1 -1 -1 -1 -1)
