#(0 0 101 30 0 0 0 9 48045 -1 -1 -1 -1 -1 -1)
#(0 0 112 23 0 0 0 20 105974 -1 -1 -1 -1 -1 -1)
#(0 0 113 29 0 0 0 22 116636 -1 -1 -1 -1 -1 -1)
#(4 0 113 -1 0 -1 -1 -1 -1 0 0 0 0 0 -1)
#(0 0 111 34 0 0 0 29 153687 -1 -1 -1 -1 -1 -1)
#(0 0 104 28 0 0 0 39 206397 -1 -1 -1 -1 -1 -1)
#(0 0 102 26 0 0 0 41 216926 -1 -1 -1 -1 -1 -1)
#(0 0 108 30 0 0 0 43 227544 -1 -1 -1 -1 -1 -1)
#(0 0 115 32 0 0 0 59 312041 -1 -1 -1 -1 -1 -1)
#(0 0 110 32 0 0 1 98 522191 -1 -1 -1 -1 -1 -1)
#(0 0 103 23 0 0 1 82 437845 -1 -1 -1 -1 -1 -1)
#(0 0 114 32 0 0 1 80 427159 -1 -1 -1 -1 -1 -1)
#(0 0 109 28 0 0 1 69 369135 -1 -1 -1 -1 -1 -1)
#(0 0 116 29 0 0 1 68 363851 -1 -1 -1 -1 -1 -1)
#(0 0 106 32 0 0 1 55 295137 -1 -1 -1 -1 -1 -1)
#(0 0 107 34 0 0 1 49 263426 -1 -1 -1 -1 -1 -1)
#(0 1 123 26 0 0 0 1 5702 -1 -1 -1 -1 -1 -1)
#(0 1 120 32 0 0 0 2 11096 -1 -1 -1 -1 -1 -1)
#(0 1 105 22 0 0 0 9 47884 -1 -1 -1 -1 -1 -1)
#(0 1 122 25 0 0 0 16 84886 -1 -1 -1 -1 -1 -1)
#(0 1 117 32 0 0 0 44 232863 -1 -1 -1 -1 -1 -1)
#(0 1 119 29 0 0 1 57 305751 -1 -1 -1 -1 -1 -1)
#(0 1 118 29 0 0 1 52 279344 -1 -1 -1 -1 -1 -1)
#(0 1 124 29 0 0 1 48 258244 -1 -1 -1 -1 -1 -1)
#(0 2 129 23 0 0 0 0 385 -1 -1 -1 -1 -1 -1)
#(0 2 130 30 0 0 0 4 21618 -1 -1 -1 -1 -1 -1)
#(0 2 133 34 0 0 0 6 32240 -1 -1 -1 -1 -1 -1)
#(0 2 128 30 0 0 0 8 42751 -1 -1 -1 -1 -1 -1)
#(0 2 131 18 0 0 0 9 47810 -1 -1 -1 -1 -1 -1)
#(0 2 126 30 0 0 0 43 227551 -1 -1 -1 -1 -1 -1)
#(0 2 132 28 0 0 0 58 306698 -1 -1 -1 -1 -1 -1)
#(0 2 127 32 0 0 1 90 479944 -1 -1 -1 -1 -1 -1)
#(0 2 134 23 0 0 1 78 416746 -1 -1 -1 -1 -1 -1)
#(0 2 125 28 0 0 1 70 374396 -1 -1 -1 -1 -1 -1)
#(0 2 121 29 0 0 1 68 363830 -1 -1 -1 -1 -1 -1)
#(0 2 135 34 0 0 1 62 332089 -1 -1 -1 -1 -1 -1)
#(0 2 137 25 0 0 1 51 274165 -1 -1 -1 -1 -1 -1)
#(0 3 140 24 0 0 0 1 5688 -1 -1 -1 -1 -1 -1)
#(0 3 143 30 0 0 0 12 63871 -1 -1 -1 -1 -1 -1)
#(0 3 146 25 0 0 0 16 84900 -1 -1 -1 -1 -1 -1)
#(0 3 144 22 0 0 0 20 105966 -1 -1 -1 -1 -1 -1)
#(0 3 149 26 0 0 0 28 148256 -1 -1 -1 -1 -1 -1)
#(0 3 145 23 0 0 0 36 190460 -1 -1 -1 -1 -1 -1)
#(0 3 138 27 0 0 0 38 201104 -1 -1 -1 -1 -1 -1)
#(0 3 148 23 0 0 0 93 491414 -1 -1 -1 -1 -1 -1)
#(0 3 150 27 0 0 1 88 469486 -1 -1 -1 -1 -1 -1)
#(0 3 151 34 0 0 1 79 421849 -1 -1 -1 -1 -1 -1)
#(0 3 142 28 0 0 1 68 363858 -1 -1 -1 -1 -1 -1)
#(0 3 141 27 0 0 1 56 300502 -1 -1 -1 -1 -1 -1)
#(0 3 152 30 0 0 1 31 168470 -1 -1 -1 -1 -1 -1)
#(0 3 147 27 0 0 1 14 78760 -1 -1 -1 -1 -1 -1)
#(0 4 139 17 0 0 0 9 47799 -1 -1 -1 -1 -1 -1)
#(0 4 154 29 0 0 0 18 95542 -1 -1 -1 -1 -1 -1)
#(0 4 167 23 0 0 0 23 121814 -1 -1 -1 -1 -1 -1)
#(0 4 158 34 0 0 0 24 127295 -1 -1 -1 -1 -1 -1)
#(0 4 164 27 0 0 0 35 185246 -1 -1 -1 -1 -1 -1)
#(0 4 163 23 0 0 0 61 322459 -1 -1 -1 -1 -1 -1)
#(0 4 157 32 0 0 1 92 490497 -1 -1 -1 -1 -1 -1)
#(0 4 159 27 0 0 1 90 480036 -1 -1 -1 -1 -1 -1)
#(0 4 168 28 0 0 1 86 458902 -1 -1 -1 -1 -1 -1)
#(0 4 153 26 0 0 1 83 443074 -1 -1 -1 -1 -1 -1)
#(0 4 160 32 0 0 1 74 395464 -1 -1 -1 -1 -1 -1)
#(0 4 169 23 0 0 1 73 390346 -1 -1 -1 -1 -1 -1)
#(0 4 156 23 0 0 1 64 342810 -1 -1 -1 -1 -1 -1)
#(0 4 136 34 0 0 1 62 332086 -1 -1 -1 -1 -1 -1)
#(0 4 170 34 0 0 1 59 316241 -1 -1 -1 -1 -1 -1)
#(0 4 162 32 0 0 1 43 231792 -1 -1 -1 -1 -1 -1)
#(0 4 155 25 0 0 1 34 184377 -1 -1 -1 -1 -1 -1)
#(0 4 161 29 0 0 1 22 120951 -1 -1 -1 -1 -1 -1)
#(0 5 171 26 0 0 0 2 11004 -1 -1 -1 -1 -1 -1)
#(0 5 182 27 0 0 0 8 42678 -1 -1 -1 -1 -1 -1)
#(0 5 166 23 0 0 0 35 185159 -1 -1 -1 -1 -1 -1)
#(0 5 183 20 0 0 0 50 264319 -1 -1 -1 -1 -1 -1)
#(0 5 175 25 0 0 1 84 448388 -1 -1 -1 -1 -1 -1)
#(0 5 174 20 0 0 1 82 437908 -1 -1 -1 -1 -1 -1)
#(0 5 179 27 0 0 1 76 406114 -1 -1 -1 -1 -1 -1)
#(0 5 173 23 0 0 1 75 400884 -1 -1 -1 -1 -1 -1)
#(2 5 173 -1 -1 -1 -1 -1 -1 1 -1 -1 -1 -1 -1)
#(0 5 165 22 0 0 1 64 342847 -1 -1 -1 -1 -1 -1)
#(0 5 180 25 0 0 1 63 337514 -1 -1 -1 -1 -1 -1)
#(0 5 172 30 0 0 1 53 284595 -1 -1 -1 -1 -1 -1)
#(0 5 181 23 0 0 1 50 268906 -1 -1 -1 -1 -1 -1)
#(0 5 176 20 0 0 1 49 263668 -1 -1 -1 -1 -1 -1)
#(0 5 178 27 0 0 1 48 258277 -1 -1 -1 -1 -1 -1)
#(0 6 185 28 0 0 0 7 37444 -1 -1 -1 -1 -1 -1)
#(0 6 192 32 0 0 0 10 53336 -1 -1 -1 -1 -1 -1)
#(0 6 184 19 0 0 0 23 121763 -1 -1 -1 -1 -1 -1)
#(0 6 187 26 0 0 0 25 132440 -1 -1 -1 -1 -1 -1)
#(0 6 193 27 0 0 1 99 527548 -1 -1 -1 -1 -1 -1)
#(0 6 199 32 0 0 1 97 516926 -1 -1 -1 -1 -1 -1)
#(0 6 191 26 0 0 1 92 490601 -1 -1 -1 -1 -1 -1)
#(0 6 195 29 0 0 1 88 469444 -1 -1 -1 -1 -1 -1)
#(0 6 190 29 0 0 1 79 421913 -1 -1 -1 -1 -1 -1)
#(0 6 196 29 0 0 1 68 363849 -1 -1 -1 -1 -1 -1)
#(0 6 188 29 0 0 1 57 305739 -1 -1 -1 -1 -1 -1)
#(0 6 189 20 0 0 1 53 284785 -1 -1 -1 -1 -1 -1)
#(0 6 198 20 0 0 1 37 200321 -1 -1 -1 -1 -1 -1)
#(0 6 194 29 0 0 1 35 189591 -1 -1 -1 -1 -1 -1)
#(0 6 186 27 0 0 1 28 152662 -1 -1 -1 -1 -1 -1)
#(0 7 205 30 0 0 0 3 16344 -1 -1 -1 -1 -1 -1)
