0, 0, 0, 0.715416000000005, 0.00470470262608208, 2.55921093641403, 2.54705899999999, 0.0109950043747846, 32.4381521980108, 2, 46.8310880034464, 1.17290495357274E-10, 
0, 1, 0, 0.679037399999993, 0.00132199055969781, 2.30546769128895, 2.38091859999997, 0.00339787754941208, 28.3439246269884, 2, 46.8245063478016, 1.17290495357274E-10, 
0, 1, 10, 0.760095200000001, 0.00100927050883458, 2.88872865845001, 2.01667580000001, 0.00260622818629893, 20.3349403736551, 2, 43.2371097115924, 1.17290495357274E-10, 
0, 1, 20, 0.840264000000047, 0.00223048057598898, 3.5302428236984, 2.01691719999999, 0.00227123291637684, 20.3398007507738, 2, 43.237098697227, 1.17290495357274E-10, 
0, 1, 30, 0.915089999999987, 0.00057967715143928, 4.18695022062788, 2.02712340000005, 0.00217344984764334, 20.54617001356, 2, 43.2370475690325, 1.17290495357274E-10, 
0, 1, 50, 1.05914520000001, 0.000720538520941668, 5.60894536929412, 2.01999459999997, 0.00284885588250722, 20.4019315000444, 2, 43.2370038460814, 1.17290495357274E-10, 
0, 1, 100, 1.4440006, 0.00245254860097545, 10.4257187389751, 2.2589888, 0.00153522824372743, 25.5151637772559, 2, 43.211426379117, 1.17290495357274E-10, 
0, 1, 200, 2.2495334, 0.00329839534303743, 25.3020569856369, 2.26656479999999, 0.00195194860586151, 25.6865990135118, 2, 43.211426379117, 1.17290495357274E-10, 
0, 1, 500, 4.60691580000007, 0.00781220745759835, 106.118671094378, 39.7116764, 0.272914496808851, 7885.45862410444, 2, 13.2543154914643, 1.17290495357274E-10, 
0, 1, 600, 5.37809360000001, 0.00632484866545798, 144.619653870359, 39.7011046, 0.243664496401188, 7881.18539423474, 2, 13.2543154914643, 1.17290495357274E-10, 
0, 1, 650, 5.76509100000007, 0.00728516355396307, 166.181636559449, 39.5864421999999, 0.255347349602363, 7835.7580416144, 2, 13.2543154914643, 1.17290495357274E-10, 
0, 1, 700, 6.14057099999991, 0.00709871168565257, 188.533312988737, 39.5538062000001, 0.276424233990654, 7822.89997632154, 2, 13.2543154914643, 1.17290495357274E-10, 
0, 1, 750, 6.53747920000005, 0.00972339990800311, 213.693644174695, 39.5791384, 0.255779615482294, 7832.86809849026, 2, 13.2543154914643, 1.17290495357274E-10, 
0, 1, 800, 6.92024500000007, 0.0108457198568438, 239.449542448326, 39.6417904000001, 0.252900033939605, 7857.67752272353, 2, 13.2543154914643, 1.17290495357274E-10, 
0, 1, 5000, 39.1787744000002, 0.0610968938483096, 7674.90048158274, 39.6520207999999, 0.265303815077128, 7861.7656981896, 2, 13.2543154914643, 1.17290495357274E-10, 
0, 5, 0, 0.726115000000027, 0.000592442064758327, 2.6362167210632, 79.1451665999999, 0.395400146733639, 31320.5686870889, 2, 22.8858236027581, 1.17290495357274E-10, 
0, 5, 10, 0.81619520000022, 0.000543746779434718, 3.3308745008198, 78.5124895999999, 0.459775780711619, 30822.1120847931, 2, 22.8857903263057, 1.17290495357274E-10, 
0, 5, 20, 0.888473800000065, 0.00116891683227866, 3.94693529826558, 78.6672452000003, 0.485816071755002, 30943.8574230627, 2, 22.8857900455639, 1.17290495357274E-10, 
0, 5, 30, 0.972192399999949, 0.000710240410046804, 4.7257928352955, 78.5643335999996, 0.457943516217083, 30862.8211313803, 2, 22.8857888470549, 1.17290495357274E-10, 
0, 5, 50, 1.11777820000007, 0.000981653380893136, 6.24714534019374, 78.5058294000002, 0.407699828563814, 30816.6573446608, 2, 22.8857888319062, 1.17290495357274E-10, 
0, 5, 100, 1.51430019999934, 0.000746468056505033, 11.465528264663, 78.6295322000005, 0.398781062929683, 30913.8118016354, 2, 22.8857888319062, 1.17290495357274E-10, 
0, 5, 200, 2.30714800000023, 0.00664440350948902, 26.6148802100154, 78.7570982000001, 0.426630857114416, 31014.3126538635, 2, 22.8857886924474, 1.17290495357274E-10, 
0, 5, 500, 4.73712240000023, 0.00402665223695355, 112.201724232561, 78.3745696000002, 0.450366600715301, 30713.8799503016, 2, 22.885788477469, 1.17290495357274E-10, 
0, 5, 600, 5.51568340000013, 0.0084575991303492, 152.1141745001, 78.2569134000005, 0.451007453858251, 30621.7395130931, 2, 22.8854745070454, 1.17290495357274E-10, 
0, 5, 650, 5.88790779999981, 0.00492933672590902, 173.337412798296, 78.5590102000002, 0.387512944909106, 30858.341249431, 2, 22.8854647164984, 1.17290495357274E-10, 
0, 5, 700, 6.25602260000014, 0.00755838460518874, 195.689379504452, 78.8342513999996, 0.357264156666508, 31074.8341573799, 2, 22.8854647164984, 1.17290495357274E-10, 
0, 5, 750, 6.65430879999949, 0.0128567538108482, 221.399954509346, 39.6860305999995, 0.253373646883629, 7875.22611494516, 2, 13.2543156141739, 1.17290495357274E-10, 
0, 5, 800, 7.04176979999975, 0.0132254806399071, 247.933484147633, 39.8075374, 0.273750903081678, 7923.57486704668, 2, 13.2543155348947, 1.17290495357274E-10, 
0, 5, 5000, 39.3382564000003, 0.0354486434267119, 7737.49836599243, 39.7363984000003, 0.254663470027265, 7895.23105643257, 2, 13.2543154914643, 1.17290495357274E-10, 
0, 9, 0, 0.79107999999942, 0.000681603696954409, 3.12904015491341, 78.7778027999997, 0.435304921871249, 31030.6585218532, 2, 22.8858236027581, 1.17290495357274E-10, 
0, 9, 10, 0.879287400000976, 0.000470201914538148, 3.86573276445158, 78.9182868, 0.377889921650846, 31141.1939611997, 2, 22.8857891692791, 1.17290495357274E-10, 
0, 9, 20, 0.97098800000058, 0.00235331536351196, 4.71411617119163, 78.8432798000002, 0.407127488149341, 31082.1426120636, 2, 22.8857888567091, 1.17290495357274E-10, 
0, 9, 30, 1.04227359999932, 0.000506402841781816, 5.43167256849687, 78.5682676000004, 0.418725654417631, 30865.7400241947, 2, 22.8857888381458, 1.17290495357274E-10, 
0, 9, 50, 1.19605179999926, 0.00101733601096722, 7.15270471627013, 78.5287750000003, 0.436059778590029, 30834.7932556559, 2, 22.8857888319062, 1.17290495357274E-10, 
0, 9, 100, 1.57953360000029, 0.000758014669697635, 12.4746348405805, 78.3962642000006, 0.466498849939339, 30730.9593084664, 2, 22.8857888319062, 1.17290495357274E-10, 
0, 9, 200, 2.40288160000127, 0.00143727110966775, 28.8692102468646, 78.4891936000007, 0.375679246483389, 30803.4732343732, 2, 22.8857886853589, 1.17290495357274E-10, 
0, 9, 500, 4.78079720000023, 0.00590071901932473, 114.280283430075, 78.3874312, 0.442879781338516, 30723.9275631773, 2, 22.8857886556852, 1.17290495357274E-10, 
0, 9, 600, 5.57672080000048, 0.0052129058078094, 155.499210277725, 78.4641649999998, 0.477369760722681, 30784.2653551782, 2, 22.8857886471614, 1.17290495357274E-10, 
0, 9, 650, 5.96568039999984, 0.00557762557508058, 177.946868724246, 78.5960634000003, 0.442439856944274, 30887.6846750194, 2, 22.8857855066656, 1.17290495357274E-10, 
0, 9, 700, 6.35858900000021, 0.00655270255792739, 202.158485044172, 78.3500614000011, 0.490861392173136, 30694.8653314514, 2, 22.8854647603806, 1.17290495357274E-10, 
0, 9, 750, 6.74672859999991, 0.0142133816046928, 227.592744111367, 39.8012193999988, 0.251153568686461, 7921.00071920953, 2, 13.2543155352746, 1.17290495357274E-10, 
0, 9, 800, 7.11674259999927, 0.00642121330084613, 253.240332333123, 39.7314054000002, 0.274571414013859, 7893.2998226028, 2, 13.2543155352746, 1.17290495357274E-10, 
0, 9, 5000, 39.4043987999998, 0.0239797022412114, 7763.53609907771, 39.6668781999986, 0.241383676847112, 7867.59746106486, 2, 13.2543154914643, 1.17290495357274E-10, 
0, 13, 0, 0.848192999998719, 0.00292501644300501, 3.59719960484009, 78.962614, 0.417379329923287, 31176.3430760902, 2, 22.8858228280659, 1.17290495357274E-10, 
0, 13, 10, 0.922397799999453, 0.000778603210919025, 4.25409153833396, 78.7813914000013, 0.43274591643027, 31033.4744997419, 2, 22.8857893972931, 1.17290495357274E-10, 
0, 13, 20, 0.99125059999933, 0.000866715776424532, 4.91289251597634, 79.1657360000012, 0.386711431650878, 31336.8165107663, 2, 22.8857890921552, 1.17290495357274E-10, 
0, 13, 30, 1.0688965999987, 0.00301834481806095, 5.71274525947108, 78.5348675999994, 0.426360953381879, 30839.53606306, 2, 22.8857888513055, 1.17290495357274E-10, 
0, 13, 50, 1.20916280000019, 0.00116147017047239, 7.31038012958634, 78.5596175999999, 0.414836652330555, 30858.9280345317, 2, 22.8857888323901, 1.17290495357274E-10, 
0, 13, 100, 1.59634320000041, 0.00137177642567584, 12.7415674697906, 78.6303701999997, 0.470549560330915, 30914.7826733887, 2, 22.8857888319062, 1.17290495357274E-10, 
0, 13, 200, 2.41862079999992, 0.00446355877645747, 29.2487324877459, 78.6437121999996, 0.441337826098514, 30925.1412383655, 2, 22.8857886853589, 1.17290495357274E-10, 
0, 13, 500, 4.79742259999985, 0.00709029552505334, 115.0765693764, 78.5554687999997, 0.391059424253521, 30855.5730293051, 2, 22.8857886556852, 1.17290495357274E-10, 
0, 13, 600, 5.59398880000008, 0.0101179285505115, 156.464065335022, 78.6101258000002, 0.431497214308037, 30898.6903406891, 2, 22.8857886471614, 1.17290495357274E-10, 
0, 13, 650, 5.97746160000024, 0.0051888495283807, 178.650370518184, 78.6651961999996, 0.365070709130584, 30941.7318490355, 2, 22.8857855066656, 1.17290495357274E-10, 
0, 13, 700, 6.37697580000022, 0.0172763601532472, 203.330594132043, 78.6826681999984, 0.304692777405603, 30955.2755637983, 2, 22.8854647603806, 1.17290495357274E-10, 
0, 13, 750, 6.75066380000208, 0.00794275854890776, 227.857624140359, 39.8012660000022, 0.255840653216561, 7921.03114821385, 2, 13.2543155352746, 1.17290495357274E-10, 
0, 13, 800, 7.13405739999871, 0.00893051052741097, 254.474273702473, 39.6622884000026, 0.244329601511558, 7865.78409039577, 2, 13.2543155352746, 1.17290495357274E-10, 
0, 13, 5000, 39.4164420000016, 0.0623948825577975, 7768.29896530428, 39.7084959999993, 0.267444581978093, 7884.18090593194, 2, 13.2543154914643, 1.17290495357274E-10, 
0, 17, 0, 0.902346200001193, 0.00229105001229795, 4.07116956783376, 78.8360914000004, 0.333051760169437, 31076.2011535209, 2, 22.8858062777342, 1.17290495357274E-10, 
0, 17, 10, 0.974355600001582, 0.000588153245456973, 4.74684590589341, 78.5422375999988, 0.41999472504303, 30845.2974139186, 2, 22.8857898916369, 1.17290495357274E-10, 
0, 17, 20, 1.0555371999988, 0.00584890332913368, 5.57096495125728, 78.8493517999988, 0.474210398473126, 31087.22577391, 2, 22.8857898852785, 1.17290495357274E-10, 
0, 17, 30, 1.13374880000047, 0.000758539226419271, 6.42693458442128, 79.3817992000011, 1.57468104306765, 31519.7483230835, 2, 22.8857898813204, 1.17290495357274E-10, 
0, 17, 50, 1.29598979999864, 0.00191728823074031, 8.39796618847341, 78.7485118000026, 0.466153701351786, 31007.7270499422, 2, 22.8857898813204, 1.17290495357274E-10, 
0, 17, 100, 1.68807679999882, 0.00680339874992615, 14.248247844644, 78.590619400001, 0.492773639902821, 30883.64141768, 2, 22.8857897495929, 1.17290495357274E-10, 
0, 17, 200, 2.45897799999948, 0.00308459417093501, 30.2329115960132, 78.8133951999989, 0.441135348979554, 31058.7293167367, 2, 22.8857897380027, 1.17290495357274E-10, 
0, 17, 500, 4.79036439999909, 0.00533507250582908, 114.738097738886, 78.4512888000012, 0.457392722077245, 30774.069612417, 2, 22.885788471328, 1.17290495357274E-10, 
0, 17, 600, 5.5586083999995, 0.00359921794788718, 154.490701494574, 39.8393452000004, 0.263668583514303, 7936.21473543363, 2, 13.2543154914643, 1.17290495357274E-10, 
0, 17, 650, 5.94179559999902, 0.00976775340657443, 176.525151805872, 39.7127598000006, 0.253829395467637, 7885.83860147275, 2, 13.2543154914643, 1.17290495357274E-10, 
0, 17, 700, 6.32529179999838, 0.00816525904979941, 200.04691513291, 39.6905180000002, 0.264455371449977, 7877.03577875913, 2, 13.2543154914643, 1.17290495357274E-10, 
0, 17, 750, 6.71745980000123, 0.0106847798920836, 225.62190164577, 39.6557680000013, 0.261779734771455, 7863.24232149731, 2, 13.2543154914643, 1.17290495357274E-10, 
0, 17, 800, 7.0980721999993, 0.00618556181361838, 251.913336087889, 39.7508647999988, 0.265961529492308, 7901.00993941477, 2, 13.2543154914643, 1.17290495357274E-10, 
0, 17, 5000, 39.378986200002, 0.0569679694080308, 7753.53899744742, 39.9090175999983, 0.262474698162158, 7963.99289382076, 2, 13.2543154914643, 1.17290495357274E-10, 
0, 21, 0, 0.942941999998584, 0.000638224097753019, 4.44570011345664, 78.450506000001, 0.413244329641015, 30773.2633126609, 2, 22.8858062777342, 1.17290495357274E-10, 
0, 21, 10, 1.0300098000007, 0.00192821984189891, 5.30461953064619, 78.6189861999999, 0.417667363933988, 30905.5971857134, 2, 22.8857900538783, 1.17290495357274E-10, 
0, 21, 20, 1.10901680000097, 0.00068251253606342, 6.1495936425388, 78.6955299999987, 0.413043375194368, 30965.7852340524, 2, 22.8857899843626, 1.17290495357274E-10, 
0, 21, 30, 1.19493720000028, 0.00239974276934441, 7.1394033535493, 78.6134343999991, 0.366274777504168, 30901.031126878, 2, 22.8857899843626, 1.17290495357274E-10, 
0, 21, 50, 1.34577220000065, 0.00219101523484192, 9.0555380742117, 78.6247704000009, 0.355958025927948, 30909.9061328454, 2, 22.8857899843626, 1.17290495357274E-10, 
0, 21, 100, 1.73898480000062, 0.00154234333386034, 15.1203525672807, 78.6639820000011, 0.442112823243071, 30941.0876392249, 2, 22.8857899843626, 1.17290495357274E-10, 
0, 21, 200, 2.52978339999972, 0.00646461382099966, 31.9992292107301, 79.0029107999988, 0.34237922054669, 31207.8856920161, 2, 22.8857887793629, 1.17290495357274E-10, 
0, 21, 500, 4.90298080000066, 0.00334240891455504, 120.196159484362, 39.7204261999999, 0.276654711726916, 7888.94397669581, 2, 13.2543154927253, 1.17290495357274E-10, 
0, 21, 600, 5.66593219999922, 0.00442723387551913, 160.514036476939, 39.6876105999982, 0.251512155522889, 7875.84846750731, 2, 13.2543154914643, 1.17290495357274E-10, 
0, 21, 650, 6.04390220000059, 0.00767184109601137, 182.644063301589, 39.6066191999998, 0.214457718702241, 7843.65138283453, 2, 13.2543154914643, 1.17290495357274E-10, 
0, 21, 700, 6.43308719999914, 0.00849798744131997, 206.923415692916, 39.7662690000012, 0.266416570554633, 7907.13563984761, 2, 13.2543154914643, 1.17290495357274E-10, 
0, 21, 750, 6.82283399999869, 0.00563559384645437, 232.755477757281, 39.7046025999982, 0.258594633503226, 7882.6116940413, 2, 13.2543154914643, 1.17290495357274E-10, 
0, 21, 800, 7.20230399999855, 0.00523885204991717, 259.366051769829, 39.7455165999985, 0.271158077637718, 7898.89808251913, 2, 13.2543154914643, 1.17290495357274E-10, 
0, 21, 5000, 39.5086762000021, 0.0606322434821229, 7804.6958567278, 39.6224738000019, 0.250971525356881, 7850.01708369188, 2, 13.2543154914643, 1.17290495357274E-10, 
0, 25, 0, 0.966553800001566, 0.00193155402770704, 4.67114989599215, 78.8791195999991, 0.387882921079385, 31110.3298101571, 2, 22.8858062777342, 1.17290495357274E-10, 
0, 25, 10, 1.04263940000237, 0.00180073247149538, 5.4355008053737, 78.5277912000005, 0.42736004106376, 30833.9831367779, 2, 22.8857900888286, 1.17290495357274E-10, 
0, 25, 20, 1.11805979999626, 0.000859139429769409, 6.25029227244122, 78.5917061999993, 0.481913223700133, 30884.4426189109, 2, 22.8857899843626, 1.17290495357274E-10, 
0, 25, 30, 1.20123660000245, 0.00110758522812129, 7.2148529796524, 78.7338260000004, 0.379831098384611, 30995.7981413082, 2, 22.8857899843626, 1.17290495357274E-10, 
0, 25, 50, 1.34997440000006, 0.000646454513368776, 9.11215649279486, 78.5849407999995, 0.445922211834958, 30878.9588357921, 2, 22.8857899843626, 1.17290495357274E-10, 
0, 25, 100, 1.75009799999971, 0.00084412795295427, 15.3142186107749, 78.9203781999982, 0.326619117287162, 31142.6638763927, 2, 22.8857899843626, 1.17290495357274E-10, 
0, 25, 200, 2.53961480000144, 0.0041778827858585, 32.2483039354545, 78.5994607999979, 0.463021861476809, 30890.4481364731, 2, 22.8857887793629, 1.17290495357274E-10, 
0, 25, 500, 4.90466119999765, 0.0147804151693277, 120.279599737175, 39.7857587999999, 0.251529856764816, 7914.84935280307, 2, 13.2543154927253, 1.17290495357274E-10, 
0, 25, 600, 5.67931099999987, 0.00424928681153536, 161.27295745579, 39.7019799999995, 0.280066525936409, 7881.62826589654, 2, 13.2543154914643, 1.17290495357274E-10, 
0, 25, 650, 6.05669699999999, 0.0120176443955083, 183.418614867928, 39.7603449999995, 0.253887924918268, 7904.74746798702, 2, 13.2543154914643, 1.17290495357274E-10, 
0, 25, 700, 6.44260179999983, 0.0091985497859901, 207.536012833396, 39.820423599999, 0.249098410828341, 7928.64092850819, 2, 13.2543154914643, 1.17290495357274E-10, 
0, 25, 750, 6.82874879999872, 0.00739263042315499, 233.159324122343, 39.7629244000011, 0.257702070845121, 7905.78283598759, 2, 13.2543154914643, 1.17290495357274E-10, 
0, 25, 800, 7.21392460000061, 0.0108423200586251, 260.204128451991, 39.6072542000009, 0.238858300524723, 7843.95819275609, 2, 13.2543154914643, 1.17290495357274E-10, 
0, 25, 5000, 39.4889634000006, 0.0386795727595805, 7796.8986325797, 39.7196880000003, 0.232976330708626, 7888.5394639402, 2, 13.2543154914643, 1.17290495357274E-10, 
0, 23, 0, 0.965747599999304, 0.000605512214020123, 4.66334396774728, 78.7331504000002, 0.493736060082128, 30995.7637360303, 2, 22.8858062777342, 1.17290495357274E-10, 
0, 23, 10, 1.0420478, 0.00113538229682031, 5.429324532889, 78.7412962000002, 0.375173434372919, 31001.6624118101, 2, 22.8857900888286, 1.17290495357274E-10, 
0, 23, 20, 1.11839999999793, 0.00117869368530567, 6.25409974657084, 78.6030412000007, 0.44430805987392, 30893.1774777054, 2, 22.8857899843626, 1.17290495357274E-10, 
0, 23, 30, 1.20045979999995, 0.000674665370141873, 7.20552093294645, 78.6905681999982, 0.420816900064959, 30961.9130525098, 2, 22.8857899843626, 1.17290495357274E-10, 
0, 23, 50, 1.35032220000139, 0.00223595119833507, 9.1168752164718, 78.9199154000002, 0.430476521490686, 31142.6917838937, 2, 22.8857899843626, 1.17290495357274E-10, 
0, 23, 100, 1.74825179999898, 0.00139707886595341, 15.2819315401451, 78.4385849999992, 0.419726546195311, 30763.9389358784, 2, 22.8857899843626, 1.17290495357274E-10, 
0, 23, 200, 2.53900819999981, 0.00436756404935613, 32.2329085764099, 78.6383335999999, 0.378310717663388, 30920.6531519199, 2, 22.8857887793629, 1.17290495357274E-10, 
0, 23, 500, 4.90358120000164, 0.0052836922078494, 120.225682512065, 39.7467113999999, 0.248106438054621, 7899.31311959743, 2, 13.2543154927253, 1.17290495357274E-10, 
0, 23, 600, 5.67265920000209, 0.00198726549234, 160.895331742962, 39.7844487999973, 0.267489302868225, 7914.36958423379, 2, 13.2543154914643, 1.17290495357274E-10, 
0, 23, 650, 6.05400139999983, 0.00771828795946905, 183.254962615845, 39.7038802000025, 0.258047314351689, 7882.32345676296, 2, 13.2543154914643, 1.17290495357274E-10, 
0, 23, 700, 6.43500419999764, 0.010087747880556, 207.046904083223, 39.7758666000038, 0.281917884593446, 7910.99520737476, 2, 13.2543154914643, 1.17290495357274E-10, 
0, 23, 750, 6.83001799999911, 0.0103498012708417, 233.246264993491, 39.667748199997, 0.252036527392274, 7867.96884834753, 2, 13.2543154914643, 1.17290495357274E-10, 
0, 23, 800, 7.21049079999502, 0.00818393053518207, 259.956222767659, 39.6568746000004, 0.266278625758424, 7863.69303673348, 2, 13.2543154914643, 1.17290495357274E-10, 
0, 23, 5000, 39.4786339999991, 0.037608713867865, 7792.81978460624, 39.733547400005, 0.277338972336348, 7894.15852947012, 2, 13.2543154914643, 1.17290495357274E-10, 
