0, 0, 0, 0.715123200000001, 0.00149285490254313, 2.55701709897001, 2.5794822, 0.00547504616966783, 33.268791981237, 2, 46.8310880034464, 1.17290495357274E-10, 
0, 1, 0, 0.675023400000001, 0.00128605017008646, 2.278291222363, 2.4534138, 0.00608920735075766, 30.096381762383, 2, 46.8245063478016, 1.17290495357274E-10, 
0, 1, 10, 0.757448600000001, 0.00399557007697301, 2.86872173111101, 2.08816179999999, 0.00807473874256731, 21.8024245219249, 2, 43.2371097115924, 1.17290495357274E-10, 
0, 1, 20, 0.832276200000007, 0.000474351093738361, 3.46341949047706, 2.088058, 0.0046433226464424, 21.800038859046, 2, 43.237098697227, 1.17290495357274E-10, 
0, 1, 30, 0.907607400000001, 0.00299553745431771, 4.11880082889701, 2.0916904, 0.00437553153788541, 21.8759393736421, 2, 43.2370475690325, 1.17290495357274E-10, 
0, 1, 50, 1.0496562, 0.00387640985446992, 5.50896582375904, 2.089845, 0.00579762668681057, 21.8374286825011, 2, 43.2370038460814, 1.17290495357274E-10, 
0, 1, 100, 1.42341019999999, 0.000334551879335349, 10.1304835469448, 2.31836959999999, 0.00470388361244084, 26.8742986436259, 2, 43.211426379117, 1.17290495357274E-10, 
0, 1, 200, 2.2137948, 0.00277652101756325, 24.5044756278801, 2.33359559999999, 0.00477944409317384, 27.2284563371258, 2, 43.211426379117, 1.17290495357274E-10, 
0, 1, 500, 4.51260139999999, 0.00798006943834926, 101.818175383951, 38.8392602, 0.0392041740370487, 7542.44834925285, 2, 13.2543154914643, 1.17290495357274E-10, 
0, 1, 600, 5.26374760000003, 0.00350319332066089, 138.535255344348, 39.3378962, 0.0264302205107054, 7737.35387999265, 2, 13.2543154914643, 1.17290495357274E-10, 
0, 1, 650, 5.65125399999997, 0.00524887919490387, 159.683496616242, 38.7791534, 0.0243827644960365, 7519.11666469968, 2, 13.2543154914643, 1.17290495357274E-10, 
0, 1, 700, 6.01761539999998, 0.0104835043874773, 181.059025030906, 38.7100996000001, 0.0645709379399819, 7492.37990223975, 2, 13.2543154914643, 1.17290495357274E-10, 
0, 1, 750, 6.40106199999996, 0.00481630426695168, 204.868089623151, 38.6839941999998, 0.0472404595226626, 7482.26819463316, 2, 13.2543154914643, 1.17290495357274E-10, 
0, 1, 800, 6.77530240000006, 0.00837886855378123, 229.523964084424, 38.7841857999999, 0.0278894296948482, 7521.06922994601, 2, 13.2543154914643, 1.17290495357274E-10, 
0, 1, 5000, 38.3057965999999, 0.053081182198006, 7336.68435386235, 38.9097403999998, 0.0507828571821126, 7569.85238446981, 2, 13.2543154914643, 1.17290495357274E-10, 
0, 5, 0, 0.722568000000047, 0.000942575832545175, 2.61052701536634, 78.1267193999998, 0.183255760867245, 30519.089334401, 2, 22.8858236027581, 1.17290495357274E-10, 
0, 5, 10, 0.810881400000108, 0.000265912466744032, 3.28764357787787, 77.7966794000002, 0.169305940478226, 30261.7599508395, 2, 22.8857903263057, 1.17290495357274E-10, 
0, 5, 20, 0.88106859999989, 0.0012127478882697, 3.88141674331603, 77.4063877999999, 0.199256972046149, 29958.9428779244, 2, 22.8857900455639, 1.17290495357274E-10, 
0, 5, 30, 0.962966199999755, 0.000698045098752292, 4.63652194804464, 77.71504, 0.204690250166512, 30198.3467015006, 2, 22.8857888470549, 1.17290495357274E-10, 
0, 5, 50, 1.10682319999996, 0.00230279164500159, 6.12531449453759, 77.6567049999998, 0.206385788793922, 30153.032132754, 2, 22.8857888319062, 1.17290495357274E-10, 
0, 5, 100, 1.4965768, 0.00276504180103991, 11.198748818772, 77.6210743999998, 0.211515257735692, 30125.3796485728, 2, 22.8857888319062, 1.17290495357274E-10, 
0, 5, 200, 2.26684680000017, 0.00348566518188933, 25.6930328226638, 77.8076588000004, 0.170706861928116, 30270.3045438499, 2, 22.8857886924474, 1.17290495357274E-10, 
0, 5, 500, 4.65163040000043, 0.00652754090311746, 108.188539934992, 77.4988016000007, 0.197157066507474, 30030.5156017257, 2, 22.885788477469, 1.17290495357274E-10, 
0, 5, 600, 5.4068471999999, 0.00497436606606599, 146.170106942323, 77.2352147999995, 0.139416005280618, 29826.4892101229, 2, 22.8854745070454, 1.17290495357274E-10, 
0, 5, 650, 5.76497820000004, 0.00359622387502901, 166.174932896509, 77.7072488000002, 0.163778120004116, 30192.2166966886, 2, 22.8854647164984, 1.17290495357274E-10, 
0, 5, 700, 6.14175799999975, 0.00534670156258527, 188.606099588893, 77.5672673999998, 0.150045445025757, 30083.5174276932, 2, 22.8854647164984, 1.17290495357274E-10, 
0, 5, 750, 6.52430439999989, 0.00540609232689522, 212.832885648461, 38.9136075999999, 0.0163746463883459, 7571.34562287907, 2, 13.2543156141739, 1.17290495357274E-10, 
0, 5, 800, 6.89073279999975, 0.00960967205292778, 237.411454333947, 38.8495492000005, 0.0428054129364404, 7546.4465267332, 2, 13.2543155348947, 1.17290495357274E-10, 
0, 5, 5000, 38.4535583999997, 0.0636067340843221, 7393.40099719406, 38.9128714000002, 0.0123036556193215, 7571.05855986448, 2, 13.2543154914643, 1.17290495357274E-10, 
0, 9, 0, 0.78803880000014, 0.00275963326480836, 3.10506382940709, 78.0603431999996, 0.217890560080365, 30467.3232839895, 2, 22.8858236027581, 1.17290495357274E-10, 
0, 9, 10, 0.873251000000164, 0.000980708519701595, 3.81284135395243, 77.9255240000006, 0.175929322279389, 30362.0912090055, 2, 22.8857891692791, 1.17290495357274E-10, 
0, 9, 20, 0.961017399999764, 0.000763871873864627, 4.61777513301273, 77.8054079999998, 0.163409646566632, 30268.5410837951, 2, 22.8857888567091, 1.17290495357274E-10, 
0, 9, 30, 1.03389540000026, 0.00223028577545169, 5.34472336158165, 78.1170899999997, 0.160612927834207, 30511.5277329032, 2, 22.8857888381458, 1.17290495357274E-10, 
0, 9, 50, 1.18372420000014, 0.000906383449231226, 7.00601901598467, 77.7225060000004, 0.166751544318664, 30204.0787249882, 2, 22.8857888319062, 1.17290495357274E-10, 
0, 9, 100, 1.55889799999932, 0.000902827115878526, 12.1508189474934, 77.8828664000001, 0.16139220343856, 30328.8346306179, 2, 22.8857888319062, 1.17290495357274E-10, 
0, 9, 200, 2.36425620000082, 0.000948010844578163, 27.9485413898344, 77.7082285999997, 0.178083462176189, 30193.0025293466, 2, 22.8857886853589, 1.17290495357274E-10, 
0, 9, 500, 4.6941129999992, 0.0119284103221603, 110.174195718671, 77.7855496000004, 0.150431454608179, 30253.0717809833, 2, 22.8857886556852, 1.17290495357274E-10, 
0, 9, 600, 5.47168240000028, 0.0115914343313358, 149.697213239113, 77.6370668000003, 0.148828109622299, 30137.6814555696, 2, 22.8857886471614, 1.17290495357274E-10, 
0, 9, 650, 5.84853799999983, 0.00920542972406978, 171.027407386892, 77.8976854, 0.196396316887625, 30340.4398109533, 2, 22.8857855066656, 1.17290495357274E-10, 
0, 9, 700, 6.23092219999962, 0.0104240131507266, 194.122500612492, 77.9253154000013, 0.1872007272253, 30361.9491215097, 2, 22.8854647603806, 1.17290495357274E-10, 
0, 9, 750, 6.61245340000023, 0.00819466188722324, 218.62303559829, 38.9097701999992, 0.0484595309910666, 7569.86282671444, 2, 13.2543155352746, 1.17290495357274E-10, 
0, 9, 800, 6.97512380000044, 0.00978363806455946, 243.262238724532, 38.8976010000006, 0.0224495544560379, 7565.11933768871, 2, 13.2543155352746, 1.17290495357274E-10, 
0, 9, 5000, 38.5641695999999, 0.0543537404376752, 7435.99065633327, 38.8613612000008, 0.0457215298774338, 7551.03742387612, 2, 13.2543154914643, 1.17290495357274E-10, 
0, 13, 0, 0.841414200000872, 0.000599663372294061, 3.53989107779634, 78.0513194000014, 0.165855614635149, 30460.1798408297, 2, 22.8858228280659, 1.17290495357274E-10, 
0, 13, 10, 0.91648020000066, 0.000824168770152764, 4.19968318123706, 78.0329677999995, 0.138905647260859, 30445.816792273, 2, 22.8857893972931, 1.17290495357274E-10, 
0, 13, 20, 0.985021600000618, 0.0021807581803201, 4.8513615408701, 77.7067796000003, 0.149991367955811, 30191.8304660674, 2, 22.8857890921552, 1.17290495357274E-10, 
0, 13, 30, 1.05774260000035, 0.000470100670458244, 5.59409814425067, 77.6854777999993, 0.153938657926138, 30175.285790623, 2, 22.8857888513055, 1.17290495357274E-10, 
0, 13, 50, 1.19663639999999, 0.00066060202887092, 7.15969555099987, 77.8429098000001, 0.132383408550487, 30297.680657489, 2, 22.8857888323901, 1.17290495357274E-10, 
0, 13, 100, 1.57966519999973, 0.00370912870726445, 12.4767795086297, 77.8301812000005, 0.175454359605399, 30287.8394492861, 2, 22.8857888319062, 1.17290495357274E-10, 
0, 13, 200, 2.37758140000005, 0.0021389124904882, 28.2644894428643, 77.7651371999993, 0.167098542846713, 30237.2224282887, 2, 22.8857886853589, 1.17290495357274E-10, 
0, 13, 500, 4.71050599999944, 0.00729051487802222, 110.94459963819, 77.9280967999999, 0.15844809671557, 30364.0668833475, 2, 22.8857886556852, 1.17290495357274E-10, 
0, 13, 600, 5.48896460000033, 0.0140763352835882, 150.644652616359, 77.7181557999997, 0.173579714196683, 30200.709354351, 2, 22.8857886471614, 1.17290495357274E-10, 
0, 13, 650, 5.85624160000079, 0.0105553775421576, 171.478385467875, 77.7104119999989, 0.195660701218794, 30194.7320815979, 2, 22.8857855066656, 1.17290495357274E-10, 
0, 13, 700, 6.24692799999975, 0.0071831870908329, 195.120805176788, 77.9385806000006, 0.211726970662486, 30372.3358712645, 2, 22.8854647603806, 1.17290495357274E-10, 
0, 13, 750, 6.6250251999998, 0.0130782116576798, 219.455649701263, 38.9127708000007, 0.0244572773972892, 7571.02164745904, 2, 13.2543155352746, 1.17290495357274E-10, 
0, 13, 800, 6.98984840000048, 0.00908783682958647, 244.290316218838, 38.7304269999993, 0.0456867483131635, 7500.24031440624, 2, 13.2543155352746, 1.17290495357274E-10, 
0, 13, 5000, 38.5780636000025, 0.0370785345190513, 7441.3418297178, 38.707446399999, 0.0299543550903513, 7491.33652036093, 2, 13.2543154914643, 1.17290495357274E-10, 
0, 17, 0, 0.895701600001485, 0.000764354261006324, 4.01140970241328, 77.5434143999999, 0.171983985236256, 30065.0534765064, 2, 22.8858062777342, 1.17290495357274E-10, 
0, 17, 10, 0.967753199998697, 0.000795279924318497, 4.68273444288938, 77.7249029999992, 0.239511810655455, 30206.0895613336, 2, 22.8857898916369, 1.17290495357274E-10, 
0, 17, 20, 1.04557199999836, 0.00209428297950223, 5.4661259660088, 77.6241896000007, 0.200593707472232, 30127.7752444617, 2, 22.8857898852785, 1.17290495357274E-10, 
0, 17, 30, 1.12323199999955, 0.000705850693045911, 6.30825312024098, 77.9339450000014, 0.1363537276317, 30368.5918780114, 2, 22.8857898813204, 1.17290495357274E-10, 
0, 17, 50, 1.28148639999999, 0.00083445302069065, 8.21104044848395, 78.4711252000008, 1.40796380682803, 30798.4992611777, 2, 22.8857898813204, 1.17290495357274E-10, 
0, 17, 100, 1.66480319999973, 0.00308895907580847, 13.8578961819876, 77.6219198000006, 0.221860981705741, 30126.0582786647, 2, 22.8857897495929, 1.17290495357274E-10, 
0, 17, 200, 2.42351239999989, 0.00469981338479791, 29.3671722059954, 77.5561719999998, 0.14132663727914, 30074.8989425598, 2, 22.8857897380027, 1.17290495357274E-10, 
0, 17, 500, 4.70493740000093, 0.00474534304664891, 110.682292281041, 77.8777542000025, 0.206970138661494, 30324.9371793715, 2, 22.885788471328, 1.17290495357274E-10, 
0, 17, 600, 5.45428400000092, 0.0132484311395283, 148.746947367968, 38.9625996000002, 0.0407634409558914, 7590.42914624029, 2, 13.2543154914643, 1.17290495357274E-10, 
0, 17, 650, 5.82465279999888, 0.0108117987470355, 169.633485677634, 38.891195199998, 0.0439851913799749, 7562.63499390706, 2, 13.2543154914643, 1.17290495357274E-10, 
0, 17, 700, 6.1963304000019, 0.0147033960518504, 191.973633079216, 38.8848400000017, 0.0197244484045756, 7560.15585439799, 2, 13.2543154914643, 1.17290495357274E-10, 
0, 17, 750, 6.579396000001, 0.00895269199797934, 216.442659377616, 38.9648413999981, 0.0485294896309499, 7591.30610219185, 2, 13.2543154914643, 1.17290495357274E-10, 
0, 17, 800, 6.95214779999806, 0.00246125141893891, 241.661825453882, 38.9073015999995, 0.0349139211769797, 7568.89668387607, 2, 13.2543154914643, 1.17290495357274E-10, 
0, 17, 5000, 38.5036923999985, 0.0675159417192525, 7412.69443418046, 38.8170439999987, 0.0367662967894459, 7533.82128329208, 2, 13.2543154914643, 1.17290495357274E-10, 
0, 21, 0, 0.937725799999316, 0.00083770505719779, 4.3966518886706, 77.3682054000004, 0.162895779732384, 29929.3287092586, 2, 22.8858062777342, 1.17290495357274E-10, 
0, 21, 10, 1.02130660000257, 0.000481414832088065, 5.21533701484527, 78.0526630000022, 0.199760970479748, 30461.2905291862, 2, 22.8857900538783, 1.17290495357274E-10, 
0, 21, 20, 1.10058440000139, 0.00144948923336358, 6.05644061272728, 77.6210517999978, 0.181151804433097, 30125.302492571, 2, 22.8857899843626, 1.17290495357274E-10, 
0, 21, 30, 1.18324620000058, 0.00136795853513439, 7.00036720563179, 78.0268327999991, 0.158236311372269, 30441.0583776463, 2, 22.8857899843626, 1.17290495357274E-10, 
0, 21, 50, 1.33226939999877, 0.00168665308584656, 8.87472299485854, 77.5765082000013, 0.13576991484805, 30090.6652898732, 2, 22.8857899843626, 1.17290495357274E-10, 
0, 21, 100, 1.71984599999996, 0.00345528505257803, 14.7894110135533, 77.9481822000016, 0.155266542364656, 30379.7160799191, 2, 22.8857899843626, 1.17290495357274E-10, 
0, 21, 200, 2.48619139999937, 0.0030328735278228, 30.9057843787633, 77.6715035999994, 0.207963983727, 30164.5286025162, 2, 22.8857887793629, 1.17290495357274E-10, 
0, 21, 500, 4.79900679999846, 0.00636546895032182, 115.152533928132, 39.0003850000008, 0.0261777830755177, 7605.15357712308, 2, 13.2543154927253, 1.17290495357274E-10, 
0, 21, 600, 5.56003180000116, 0.00770579619410006, 154.570064981596, 38.9130080000017, 0.0265232829331677, 7571.11447546368, 2, 13.2543154914643, 1.17290495357274E-10, 
0, 21, 650, 5.94206480000139, 0.0197092972823409, 176.542612719075, 38.9025523999997, 0.0228242848792426, 7567.04552091351, 2, 13.2543154914643, 1.17290495357274E-10, 
0, 21, 700, 6.31125900000043, 0.0159035859085781, 199.161215445656, 38.9095337999985, 0.0331000799824383, 7569.76458074259, 2, 13.2543154914643, 1.17290495357274E-10, 
0, 21, 750, 6.6951807999998, 0.00920138825158896, 224.127653051159, 38.6925297999973, 0.0466486361242503, 7485.57019209465, 2, 13.2543154914643, 1.17290495357274E-10, 
0, 21, 800, 7.05982980000117, 0.00514703442389862, 249.20611648474, 38.9425200000012, 0.0660159596914108, 7582.62111028715, 2, 13.2543154914643, 1.17290495357274E-10, 
0, 21, 5000, 38.6168756000014, 0.0869493657597838, 7456.35320649093, 38.9070414000002, 0.0485786318020731, 7568.80115192397, 2, 13.2543154914643, 1.17290495357274E-10, 
0, 25, 0, 0.960483399999794, 0.000650386223214324, 4.61264392338701, 77.8466192000007, 0.208489076103212, 30300.6979428239, 2, 22.8858062777342, 1.17290495357274E-10, 
0, 25, 10, 1.03481199999951, 0.0015279048418857, 5.35419104918097, 77.7236271999995, 0.152270893523683, 30204.9270577476, 2, 22.8857900888286, 1.17290495357274E-10, 
0, 25, 20, 1.10872959999833, 0.00137882538290601, 6.1464161353595, 77.6965027999991, 0.165208352363301, 30183.8692057498, 2, 22.8857899843626, 1.17290495357274E-10, 
0, 25, 30, 1.19176780000125, 0.00200488397673005, 7.10157254339793, 77.9528698000009, 0.161983952545648, 30383.3807442839, 2, 22.8857899843626, 1.17290495357274E-10, 
0, 25, 50, 1.33659760000155, 0.00158761589917753, 8.93247832427074, 78.0142114000002, 0.191513760443729, 30431.2692894218, 2, 22.8857899843626, 1.17290495357274E-10, 
0, 25, 100, 1.72881599999673, 0.004985644230613, 14.9441480924655, 77.8941615999967, 0.16390562905574, 30337.6363821082, 2, 22.8857899843626, 1.17290495357274E-10, 
0, 25, 200, 2.49700020000018, 0.0012571999673553, 31.1750578967636, 77.8585273999983, 0.170423486151612, 30309.8966653046, 2, 22.8857887793629, 1.17290495357274E-10, 
0, 25, 500, 4.81375879999832, 0.00616537730689941, 115.861558982193, 38.9518549999979, 0.0367102401373897, 7586.24177791296, 2, 13.2543154927253, 1.17290495357274E-10, 
0, 25, 600, 5.5672138000009, 0.00338518285327604, 154.969404771917, 38.9248741999982, 0.0233105634678226, 7575.73187434026, 2, 13.2543154914643, 1.17290495357274E-10, 
0, 25, 650, 5.9361533999996, 0.00240272433707876, 176.189614807055, 38.9299668000007, 0.0343797474225018, 7577.71748508094, 2, 13.2543154914643, 1.17290495357274E-10, 
0, 25, 700, 6.32774119999958, 0.00878368035700663, 200.201929236064, 38.9361937999987, 0.0514688996277629, 7580.14918339344, 2, 13.2543154914643, 1.17290495357274E-10, 
0, 25, 750, 6.692758399999, 0.00705759609610633, 223.965324052099, 38.8713765999972, 0.0232167210708484, 7554.92228897472, 2, 13.2543154914643, 1.17290495357274E-10, 
0, 25, 800, 7.07025279999943, 0.00974567424633116, 249.942848170332, 38.7350978000017, 0.053278245803301, 7502.05320073585, 2, 13.2543154914643, 1.17290495357274E-10, 
0, 25, 5000, 38.6230287999992, 0.0291257369291712, 7458.69600997058, 38.7509195999999, 0.0197229884439234, 7508.17079420965, 2, 13.2543154914643, 1.17290495357274E-10, 
0, 23, 0, 0.961528199999884, 0.00122658573183348, 4.62268991953787, 77.8966435999988, 0.176449311117798, 30339.5910925231, 2, 22.8858062777342, 1.17290495357274E-10, 
0, 23, 10, 1.03449259999907, 0.00068932970187438, 5.35087707314133, 77.8683854000003, 0.128335390304441, 30317.5095738769, 2, 22.8857900888286, 1.17290495357274E-10, 
0, 23, 20, 1.11050520000135, 0.0017885340828605, 6.16612499042105, 77.6197925999993, 0.106027411098526, 30124.2172253941, 2, 22.8857899843626, 1.17290495357274E-10, 
0, 23, 30, 1.19269720000157, 0.00323162295942551, 7.11268527139265, 77.5063937999978, 0.150735932336877, 30036.3190060081, 2, 22.8857899843626, 1.17290495357274E-10, 
0, 23, 50, 1.33629220000003, 0.00162569091898669, 8.92839743325936, 77.9979954000009, 0.200446854774893, 30418.6373268008, 2, 22.8857899843626, 1.17290495357274E-10, 
0, 23, 100, 1.7259412000014, 0.00232820543604175, 14.8943922320141, 77.7359763999993, 0.178791176329381, 30214.5699657299, 2, 22.8857899843626, 1.17290495357274E-10, 
0, 23, 200, 2.49646399999911, 0.00054044389127598, 31.1616639768557, 77.5973720000009, 0.1761282403159, 30106.9158123178, 2, 22.8857887793629, 1.17290495357274E-10, 
0, 23, 500, 4.80806359999697, 0.00177644820535045, 115.58739368692, 39.0200876000046, 0.0271860891872346, 7612.8398769774, 2, 13.2543154927253, 1.17290495357274E-10, 
0, 23, 600, 5.57141080000147, 0.00818845717827046, 155.20342676602, 38.9145374000014, 0.0467563842024838, 7571.71703607787, 2, 13.2543154914643, 1.17290495357274E-10, 
0, 23, 650, 5.93409500000125, 0.00813659478969278, 176.067748366073, 38.9764310000028, 0.0270161760941757, 7595.81451685874, 2, 13.2543154914643, 1.17290495357274E-10, 
0, 23, 700, 6.31631039999484, 0.0110979601275433, 199.47950116901, 38.8464732000022, 0.0552007326199063, 7545.25763599686, 2, 13.2543154914643, 1.17290495357274E-10, 
0, 23, 750, 6.71199499999639, 0.0138430588648258, 225.255342551276, 38.9380910000007, 0.0421100459749406, 7580.88351990154, 2, 13.2543154914643, 1.17290495357274E-10, 
0, 23, 800, 7.07284660000005, 0.0163356238633644, 250.127129398696, 38.9140302000014, 0.0399388000407982, 7571.51670757186, 2, 13.2543154914643, 1.17290495357274E-10, 
0, 23, 5000, 38.6124577999988, 0.0485144872571659, 7454.62125506081, 38.9322133999987, 0.0314767391017121, 7578.59115504073, 2, 13.2543154914643, 1.17290495357274E-10, 
