0, 0, 0, 5.5721364, 0.0667221857004133, 155.265779551348, 1.7045288, 0.0022351334098237, 14.527117129254, 2, 5.54011646281201, 7.04077883107022E-09, 
0, 1, 0, 5.4835898, 0.00368415626135043, 150.348853338357, 1.683162, 0.00282022474275495, 14.165211359558, 2, 5.36524984344409, 7.04077883107022E-09, 
0, 1, 10, 5.8655258, 0.0031171821490426, 172.022013136451, 1.6815212, 0.00185184031700889, 14.13758487681, 2, 5.36270964139594, 7.04077883107022E-09, 
0, 1, 50, 7.6348066, 0.0179300095770349, 291.452966523235, 1.701752, 0.00383058992847572, 14.479872714616, 2, 5.01916830834315, 7.04077883107022E-09, 
0, 1, 100, 9.68878480000001, 0.00439413642910249, 469.362851045731, 1.70044379999999, 0.00300518840669417, 14.4575907405789, 2, 5.01916822383367, 7.04077883107022E-09, 
0, 1, 200, 13.7342522, 0.0104847766478884, 943.148967118731, 1.7008094, 0.0039625305853091, 14.463841583885, 2, 5.01916518272169, 7.04077883107022E-09, 
0, 1, 300, 17.8295652, 0.00853336028503958, 1589.46734019644, 1.71516080000001, 0.00640736951952983, 14.7090881212042, 2, 5.01916518272169, 7.04077883107022E-09, 
0, 1, 500, 26.0327818, 0.0176502017349787, 3388.53019888016, 1.7065098, 0.00135953600919727, 14.5608877291711, 2, 5.01916518272169, 7.04077883107022E-09, 
0, 1, 600, 30.0708978, 0.0238010253460148, 4521.29730493427, 1.71591719999999, 0.00211396210007454, 14.7218815304578, 2, 5.01916518272169, 7.04077883107022E-09, 
0, 1, 700, 34.0963962, 0.0152422763316589, 5812.82233077182, 1.70915600000001, 0.00731441029747446, 14.6063386646701, 2, 5.01916518272169, 7.04077883107022E-09, 
0, 1, 800, 38.2849002, 0.0154183093394882, 7328.66910524112, 1.7081686, 0.00260930156164989, 14.589233872403, 2, 5.01916517902836, 7.04077883107022E-09, 
0, 1, 900, 42.407311, 0.0213589224841415, 8991.90241227147, 1.71006300000008, 0.00157893495727139, 14.6215897850244, 2, 5.01916517902836, 7.04077883107022E-09, 
0, 1, 1000, 46.4640381999999, 0.0471284027551676, 10794.545334687, 1.71144020000006, 0.00460672041259628, 14.645243900246, 2, 5.01916517902836, 7.04077883107022E-09, 
0, 10, 0, 6.23101360000001, 0.0088494218246491, 194.128043978258, 1.67624099999998, 0.00160577856502728, 14.0489323430287, 2, 5.36283003331203, 7.04077883107022E-09, 
0, 10, 10, 6.64734260000005, 0.00346555245868253, 220.935878259146, 1.69513679999991, 0.00355895571203596, 14.3675071843985, 2, 5.36282967662907, 7.04077883107022E-09, 
0, 10, 50, 8.36828399999999, 0.0124762519692309, 350.141663807595, 1.70502859999992, 0.00387495324352086, 14.5356877104017, 2, 5.01914469323982, 7.04077883107022E-09, 
0, 10, 100, 10.4355382, 0.00904740734888242, 544.502696896197, 1.70284880000004, 0.000844103880205994, 14.4984737408646, 2, 5.01914463772351, 7.04077883107022E-09, 
0, 10, 200, 14.515382, 0.0124117109845085, 1053.48234328246, 1.71384559999992, 0.0066298726263156, 14.6865534792507, 2, 5.01914456306731, 7.04077883107022E-09, 
0, 10, 300, 18.5244038, 0.0102262714149494, 1715.7682036104, 1.71535840000015, 0.00296413876878862, 14.7123161328486, 2, 5.01914180557342, 7.04077883107022E-09, 
0, 10, 500, 26.741272, 0.00755600441457498, 3575.47842635594, 1.70486019999989, 0.00409519481368658, 14.5328253608212, 2, 5.01914156899825, 7.04077883107022E-09, 
0, 10, 600, 30.7873146, 0.0215619153945807, 4739.29602597784, 1.71374720000003, 0.00161012141133555, 14.6846602899946, 2, 5.01914156899825, 7.04077883107022E-09, 
0, 10, 700, 34.8470854, 0.0193801965162347, 6071.59868233456, 1.71107220000004, 0.00247129718167188, 14.6388709046136, 2, 5.01914156899825, 7.04077883107022E-09, 
0, 10, 800, 38.9400064000001, 0.0258643763811856, 7581.62383699008, 1.71552740000006, 0.00547421784726406, 14.7153211360601, 2, 5.01914156899825, 7.04077883107022E-09, 
0, 10, 900, 43.007759, 0.0268221100616381, 9248.34026813834, 1.70232779999997, 0.0026811605250278, 14.4896356363724, 2, 5.01914156899825, 7.04077883107022E-09, 
0, 10, 1000, 47.0506142, 0.0255718760338002, 11068.8047525904, 1.70595640000001, 0.00552275744887754, 14.5515886977542, 2, 5.01914156899825, 7.04077883107022E-09, 
0, 20, 0, 6.94574080000002, 0.00891886101232029, 241.216974034333, 1.68536139999997, 0.00301060536107918, 14.2022605617724, 2, 5.36283003331203, 7.04077883107022E-09, 
0, 20, 10, 7.35455039999997, 0.00670709393473642, 270.447282856244, 1.68950500000001, 0.0051495627387262, 14.2722683151071, 2, 5.36282976599408, 7.04077883107022E-09, 
0, 20, 50, 9.05888259999992, 0.0303226482462021, 410.32136711789, 1.70210040000002, 0.00448366312732289, 14.4858293745763, 2, 5.01914472382136, 7.04077883107022E-09, 
0, 20, 100, 11.0787251999998, 0.00529112473413332, 613.690900265561, 1.70342979999996, 0.0022271839079378, 14.5083902193803, 2, 5.01914472107812, 7.04077883107022E-09, 
0, 20, 200, 15.1874466, 0.00988929507454086, 1153.29316013005, 1.70108179999997, 0.00191936108117557, 14.4684148711906, 2, 5.01914456566752, 7.04077883107022E-09, 
0, 20, 300, 19.2334922, 0.0073206965064468, 1849.63637900029, 1.70203499999998, 0.00282425048445944, 14.4846555880786, 2, 5.01914450459958, 7.04077883107022E-09, 
0, 20, 500, 27.4455978, 0.0178617300192266, 3766.30578820382, 1.69851580000013, 0.00157091558036337, 14.4247919531292, 2, 5.01914156899825, 7.04077883107022E-09, 
0, 20, 600, 31.4836657999999, 0.020144209305738, 4956.10808997627, 1.70506680000008, 0.00427540152032376, 14.5363553576033, 2, 5.01914156899825, 7.04077883107022E-09, 
0, 20, 700, 35.5187079999999, 0.0141410202807581, 6307.89408978855, 1.70457079999978, 0.00188345728966511, 14.5278257981163, 2, 5.01914156899825, 7.04077883107022E-09, 
0, 20, 800, 39.6164058, 0.035748319169446, 7847.304432263, 1.70130239999999, 0.00432144191671513, 14.4722426555298, 2, 5.01914156899825, 7.04077883107022E-09, 
0, 20, 900, 43.6777704, 0.0297238091927571, 9538.74255309975, 1.70037899999988, 0.00292184968824173, 14.456486404231, 2, 5.01914156899825, 7.04077883107022E-09, 
0, 20, 1000, 47.7075350000001, 0.0183400883391075, 11380.0461606754, 1.70566760000002, 0.00380647325486507, 14.5465822546423, 2, 5.01914156899825, 7.04077883107022E-09, 
0, 40, 0, 8.23814099999963, 0.00633030394045737, 339.335036043115, 1.68216599999996, 0.00312067460651608, 14.1484609508293, 2, 5.36283003331203, 7.04077883107022E-09, 
0, 40, 10, 8.65796220000011, 0.00731795095348174, 374.801815045185, 1.69223519999996, 0.00312318653962253, 14.3183486320653, 2, 5.36282976040874, 7.04077883107022E-09, 
0, 40, 50, 10.3134594000001, 0.00586217098303175, 531.837395802496, 1.70336540000008, 0.00374749914481319, 14.5073386483363, 2, 5.01914480659541, 7.04077883107022E-09, 
0, 40, 100, 12.3564766000001, 0.0070548916530601, 763.412818689235, 1.70255059999981, 0.00235592899709372, 14.4934204798058, 2, 5.01914466216508, 7.04077883107022E-09, 
0, 40, 200, 16.4595085999999, 0.0141855017059635, 1354.57812290965, 1.71335999999974, 0.00431064389599096, 14.6781053562495, 2, 5.01914450737539, 7.04077883107022E-09, 
0, 40, 300, 20.4765578, 0.0182289365862689, 2096.44875815436, 1.71141659999994, 0.0022179625422585, 14.6447584905659, 2, 5.01914430872796, 7.04077883107022E-09, 
0, 40, 500, 28.7028876000002, 0.0175208636138726, 4119.28031779454, 1.70397739999989, 0.00223321620994838, 14.5177198348252, 2, 5.01914156899825, 7.04077883107022E-09, 
0, 40, 600, 32.8082746, 0.00856449887966207, 5381.91477789823, 1.70832539999992, 0.00339860763255404, 14.5919361140937, 2, 5.01914156899825, 7.04077883107022E-09, 
0, 40, 700, 36.9698363999998, 0.0208036116125828, 6833.84618116503, 1.70310939999981, 0.00269456798786997, 14.5029444453218, 2, 5.01914156899825, 7.04077883107022E-09, 
0, 40, 800, 41.0310059999998, 0.0128260787968399, 8417.71808940158, 1.70921219999964, 0.00497283743517461, 14.6071553686988, 2, 5.01914156899825, 7.04077883107022E-09, 
0, 40, 900, 45.1282219999999, 0.00582254494183004, 10182.7822739165, 1.70309539999998, 0.00212286425387803, 14.5026922402687, 2, 5.01914156899825, 7.04077883107022E-09, 
0, 40, 1000, 49.2006543999998, 0.0180700938984554, 12103.5235995826, 1.70921739999994, 0.00354566645903624, 14.607183461066, 2, 5.01914156899825, 7.04077883107022E-09, 
0, 60, 0, 8.46721420000013, 0.00760947844218009, 358.46887106423, 1.6771319999998, 0.00158486428459886, 14.0638712860907, 2, 5.36283003331203, 7.04077883107022E-09, 
0, 60, 10, 8.87916500000028, 0.00678661709688516, 394.198085777008, 1.68980579999989, 0.00178044583185312, 14.2772340585031, 2, 5.36282976464678, 7.04077883107022E-09, 
0, 60, 50, 10.5230045999997, 0.0084050887350288, 553.668482285657, 1.70466919999999, 0.00258659624966431, 14.5295188595438, 2, 5.01914472054513, 7.04077883107022E-09, 
0, 60, 100, 12.6027799999998, 0.00600734567202235, 794.150499082985, 1.7085751999999, 0.00375784429677194, 14.5962166772424, 2, 5.01914460969856, 7.04077883107022E-09, 
0, 60, 200, 16.6611043999999, 0.00817629988490684, 1387.96233339788, 1.70521900000003, 0.00298960224774318, 14.5389038784136, 2, 5.01914450737539, 7.04077883107022E-09, 
0, 60, 300, 20.7894657999999, 0.0154210687744833, 2161.01063029364, 1.70481139999993, 0.0025436232894105, 14.5319418979457, 2, 5.01914156899825, 7.04077883107022E-09, 
0, 60, 500, 29.0713129999998, 0.0132939689318695, 4225.70708136784, 1.70692259999996, 0.00358205117777629, 14.5679879674063, 2, 5.01914156899825, 7.04077883107022E-09, 
0, 60, 600, 33.1307870000002, 0.0131792522096018, 5488.24610466037, 1.70832959999989, 0.00491240216567657, 14.5920707696541, 2, 5.01914156899825, 7.04077883107022E-09, 
0, 60, 700, 37.2944372, 0.0281700846816934, 6954.37919809207, 1.70465459999996, 0.00343759623015717, 14.5292956118443, 2, 5.01914156899825, 7.04077883107022E-09, 
0, 60, 800, 41.3699880000002, 0.0311444279934177, 8557.38438547777, 1.70875879999985, 0.00258129970361595, 14.5993164984254, 2, 5.01914156899825, 7.04077883107022E-09, 
0, 60, 900, 45.5583172000001, 0.0379796125870582, 10377.808542734, 1.71443160000017, 0.00224971025608486, 14.6964038613769, 2, 5.01914156899825, 7.04077883107022E-09, 
0, 60, 1000, 49.6881639999996, 0.0506948573352131, 12344.5810582971, 1.71278459999958, 0.00489170394029598, 14.6682750738158, 2, 5.01914156899825, 7.04077883107022E-09, 
0, 80, 0, 8.46761760000045, 0.00411190635114148, 358.502823638056, 1.68314780000001, 0.00557304453243242, 14.1650878773511, 2, 5.36283003331203, 7.04077883107022E-09, 
0, 80, 10, 8.87801139999974, 0.0119724882563569, 394.096148795002, 1.68745100000015, 0.00384197381586916, 14.2375281908215, 2, 5.36282976464678, 7.04077883107022E-09, 
0, 80, 50, 10.5200239999995, 0.00831739733436781, 553.354870698316, 1.70416240000013, 0.00303934023029379, 14.5208936158162, 2, 5.01914472054513, 7.04077883107022E-09, 
0, 80, 100, 12.6026012000002, 0.00985470452911938, 794.12827060724, 1.71122580000047, 0.000872415818023272, 14.641472498483, 2, 5.01914460969856, 7.04077883107022E-09, 
0, 80, 200, 16.6584106000002, 0.00964894975944569, 1387.51368410215, 1.70779039999943, 0.00349291297307084, 14.5828012538563, 2, 5.01914450737539, 7.04077883107022E-09, 
0, 80, 300, 20.7909906000004, 0.015295361475503, 2161.32762038695, 1.70968219999959, 0.00406799839743875, 14.615148868032, 2, 5.01914156899825, 7.04077883107022E-09, 
0, 80, 500, 29.0669341999997, 0.0108328391698585, 4224.4339056876, 1.71130819999962, 0.00781971882856754, 14.6431845169425, 2, 5.01914156899825, 7.04077883107022E-09, 
0, 80, 600, 33.1375051999996, 0.0154501084596822, 5490.47244792925, 1.71209060000037, 0.00155478700744093, 14.6562831998614, 2, 5.01914156899825, 7.04077883107022E-09, 
0, 80, 700, 37.3043850000006, 0.0102255634985509, 6958.08622395208, 1.70317179999984, 0.00239755403705411, 14.5039996429002, 2, 5.01914156899825, 7.04077883107022E-09, 
0, 80, 800, 41.3634348000007, 0.0251334950877382, 8554.67185073242, 1.70518039999988, 0.00222203965776076, 14.53822567002, 2, 5.01914156899825, 7.04077883107022E-09, 
0, 80, 900, 45.5102171999999, 0.0391329876329917, 10355.9070049094, 1.70182279999972, 0.00304884866117607, 14.4810506903852, 2, 5.01914156899825, 7.04077883107022E-09, 
0, 80, 1000, 49.6935614000002, 0.0387410475654747, 12347.2577274218, 1.70394140000026, 0.00191251840293642, 14.5170997618074, 2, 5.01914156899825, 7.04077883107022E-09, 
0, 100, 0, 8.46968720000041, 0.00498247281514059, 358.678130454431, 1.68925320000017, 0.00456726335563084, 14.2679861680268, 2, 5.36283003331203, 7.04077883107022E-09, 
0, 100, 10, 8.87789119999979, 0.0141566825406809, 394.085762853472, 1.68411580000029, 0.00136062682618095, 14.1812393955799, 2, 5.36282976464678, 7.04077883107022E-09, 
0, 100, 50, 10.5213916000004, 0.00578769161642612, 553.498573489669, 1.70009819999977, 0.0023110923303031, 14.4516961539512, 2, 5.01914472054513, 7.04077883107022E-09, 
0, 100, 100, 12.6028902000005, 0.00448346983336504, 794.164307473858, 1.70883839999988, 0.00141911657040648, 14.6006534560299, 2, 5.01914460969856, 7.04077883107022E-09, 
0, 100, 200, 16.6589424000002, 0.0115655106665195, 1387.6024782378, 1.70511699999988, 0.00387932483809127, 14.537195164249, 2, 5.01914450737539, 7.04077883107022E-09, 
0, 100, 300, 20.7976794000002, 0.0141711943826251, 2162.71834623971, 1.70944839999975, 0.00189313671957951, 14.6110870811417, 2, 5.01914156899825, 7.04077883107022E-09, 
0, 100, 500, 29.0639972000008, 0.0213584317827437, 4223.58194712132, 1.71007559999962, 0.00450794204047383, 14.6218943962775, 2, 5.01914156899825, 7.04077883107022E-09, 
0, 100, 600, 33.1565760000005, 0.0155560126994353, 5496.7938701667, 1.71443859999999, 0.00162749778483954, 14.6965118095949, 2, 5.01914156899825, 7.04077883107022E-09, 
0, 100, 700, 37.2992129999999, 0.0248607475754145, 6956.15954238065, 1.71514519999982, 0.00362337529958446, 14.708680929655, 2, 5.01914156899825, 7.04077883107022E-09, 
0, 100, 800, 41.3768676, 0.0352484455071968, 8560.23207420419, 1.70920359999982, 0.00164149110283581, 14.6068982037269, 2, 5.01914156899825, 7.04077883107022E-09, 
0, 100, 900, 45.5479149999992, 0.0306038172799511, 10373.0674872039, 1.70977540000058, 0.00345751087393996, 14.6167193641429, 2, 5.01914156899825, 7.04077883107022E-09, 
0, 100, 1000, 49.6699350000003, 0.0234302763735299, 12335.5149594105, 1.7111450000004, 0.00827868057103508, 14.6404287378918, 2, 5.01914156899825, 7.04077883107022E-09, 
0, 150, 0, 8.46829839999991, 0.00560269208605013, 358.560545907999, 1.6894393999999, 0.00232284993899739, 14.2710544095193, 2, 5.36283003331203, 7.04077883107022E-09, 
0, 150, 10, 8.87710280000028, 0.0083259450264964, 394.015117215667, 1.68778300000049, 0.00354837793916463, 14.2431202303833, 2, 5.36282976464678, 7.04077883107022E-09, 
0, 150, 50, 10.5224104000004, 0.00729141299371825, 553.605868953705, 1.7084694000001, 0.00123425776846748, 14.5943460706448, 2, 5.01914472054513, 7.04077883107022E-09, 
0, 150, 100, 12.6111859999997, 0.0127396589123382, 795.210873127491, 1.71305320000065, 0.00476889334730675, 14.6728700418811, 2, 5.01914460969856, 7.04077883107022E-09, 
0, 150, 200, 16.6677734000008, 0.0128878593833841, 1389.07418105347, 1.7103196, 0.00679798713165461, 14.6261967338661, 2, 5.01914450737539, 7.04077883107022E-09, 
0, 150, 300, 20.7893421999997, 0.0128690837357866, 2160.98457361003, 1.70959100000073, 0.00188926017275586, 14.6135247829374, 2, 5.01914156899825, 7.04077883107022E-09, 
0, 150, 500, 29.0729022000003, 0.0196073662757014, 4226.17013389798, 1.71658060000009, 0.00253644385769324, 14.7332769492205, 2, 5.01914156899825, 7.04077883107022E-09, 
0, 150, 600, 33.1371548000003, 0.0194895738212857, 5490.35704041335, 1.71181660000002, 0.00166830627817579, 14.6515942764073, 2, 5.01914156899825, 7.04077883107022E-09, 
0, 150, 700, 37.3061135999997, 0.0082331448979906, 6958.73089860377, 1.70807859999986, 0.00267486452738009, 14.5876982933886, 2, 5.01914156899825, 7.04077883107022E-09, 
0, 150, 800, 41.3528741999999, 0.0301078801837728, 8550.30555542732, 1.70514599999951, 0.00127966401807478, 14.5376225942717, 2, 5.01914156899825, 7.04077883107022E-09, 
0, 150, 900, 45.536174, 0.0368888655750925, 10367.7225167334, 1.71143460000021, 0.00229142301611689, 14.6450682034866, 2, 5.01914156899825, 7.04077883107022E-09, 
0, 150, 1000, 49.6848733999999, 0.020347837386605, 12342.9352940425, 1.71090259999983, 0.00179256404059427, 14.63595459986, 2, 5.01914156899825, 7.04077883107022E-09, 
