0, 0, 0, 5.87228899999999, 0.0181833423221923, 172.420543667294, 38.1820996, 0.0266387169711184, 7289.36719742782, 2, 13.2543154914643, 1.17290495357274E-10, 
0, 10, 0, 6.16091719999997, 0.00624438376162252, 189.78469868792, 26.7169116, 0.0639502587896033, 3568.98727538906, 2, 13.784732996625, 1.17290495357274E-10, 
0, 10, 10, 6.7804848, 0.00835763158826734, 229.875219865184, 21.9106034, 0.0372770489305769, 2400.37965465234, 2, 13.6967427237196, 1.17290495357274E-10, 
0, 10, 50, 9.27229320000001, 0.00759862125495814, 429.877394629057, 93.6512946000001, 0.203910332931171, 43853.0327983994, 2, 24.8660347223489, 1.17290495357274E-10, 
0, 10, 100, 11.892005, 0.0117217992639239, 707.099601603012, 108.9933754, 0.129177696250109, 59397.8628398128, 2, 24.5956448909884, 1.17290495357274E-10, 
0, 10, 200, 17.0122162000001, 0.0208631988953982, 1447.07967654306, 130.514756, 0.239052532603319, 85170.7933992643, 2, 31.6782063460028, 1.17290495357274E-10, 
0, 10, 300, 22.1865261999999, 0.0117214242010768, 2461.21041107534, 132.1614626, 0.245178370577217, 87333.5615450231, 2, 31.6942741697583, 1.17290495357274E-10, 
0, 10, 500, 32.4336278000001, 0.0217109226263012, 5259.70341816549, 126.3266456, 0.492418445955735, 79793.3193223695, 2, 31.6657734036462, 1.17290495357274E-10, 
0, 10, 600, 37.5390817999998, 0.0379101670209959, 7045.9204978392, 125.3412826, 0.672946236180778, 78554.4499022492, 2, 31.6657734036462, 1.17290495357274E-10, 
0, 10, 700, 42.6498279999996, 0.0414684515268133, 9095.04774031012, 126.4505492, 0.398523954199683, 79949.5010716189, 2, 31.6657734036462, 1.17290495357274E-10, 
0, 10, 800, 47.7985032, 0.00922464034977376, 11423.484966272, 125.5914782, 0.552295648768671, 78867.6221347241, 2, 31.6657734036462, 1.17290495357274E-10, 
0, 10, 900, 52.9666270000005, 0.0394667287684683, 14027.3256668993, 125.6875902, 0.467831149769097, 78987.9459813396, 2, 31.6657734036462, 1.17290495357274E-10, 
0, 10, 1000, 58.1402436, 0.0571798279192801, 16901.4559770003, 126.4363472, 0.368414330386599, 79931.4281119886, 2, 31.6657734036462, 1.17290495357274E-10, 
0, 20, 0, 7.30295660000011, 0.00936050970002095, 266.666313603135, 71.3977213999999, 0.197530011298382, 25488.3681960868, 2, 16.3487764479501, 1.17290495357274E-10, 
0, 20, 10, 7.7074910000003, 0.0076440666923837, 297.027379734206, 43.6070182000003, 0.0874948416297273, 9507.89845821235, 2, 14.8510330787163, 1.17290495357274E-10, 
0, 20, 50, 10.2056695999992, 0.0104999011342208, 520.779011161362, 87.8599999999991, 0.283571082163154, 38597.3000627924, 2, 32.5670092677733, 1.17290495357274E-10, 
0, 20, 100, 12.7911179999996, 0.0114486216629889, 818.064153804253, 96.7090423999987, 0.241979890362374, 46763.4871809605, 2, 32.4222852699018, 1.17290495357274E-10, 
0, 20, 200, 17.8526768000011, 0.0326813255023664, 1593.59568497166, 102.0748896, 0.162492211452129, 52096.5474528553, 2, 32.3388931733921, 1.17290495357274E-10, 
0, 20, 300, 23.1512052000013, 0.0214037718939491, 2679.89380167009, 114.6407224, 0.123878911128568, 65712.5528918927, 2, 32.3025207350064, 1.17290495357274E-10, 
0, 20, 500, 33.5796001999995, 0.0344419642826925, 5637.95367920357, 139.404898, 0.177530313512291, 97168.785517013, 2, 32.3014777078589, 1.17290495357274E-10, 
0, 20, 600, 38.7961790000001, 0.0563438281821029, 7525.73339813512, 160.7892332, 0.307850203255901, 129266.361423957, 2, 32.3010744040763, 1.17290495357274E-10, 
0, 20, 700, 44.0393875999995, 0.0786548713389073, 9697.36923385886, 143.8324068, 0.209637747718439, 103439.02596933, 2, 32.3010465900223, 1.17290495357274E-10, 
0, 20, 800, 49.1423697999991, 0.0491611413590193, 12074.8746318884, 173.180112999999, 0.185671687390023, 149956.93006334, 2, 32.2979703556525, 1.17290495357274E-10, 
0, 20, 900, 54.2304662000002, 0.0387399636281531, 14704.7248252707, 174.1083898, 0.201304770710499, 151568.859611798, 2, 32.2979703556525, 1.17290495357274E-10, 
0, 20, 1000, 59.3503436000014, 0.0225594135638517, 17612.3189718268, 173.5517522, 0.156142679241326, 150601.175361133, 2, 32.2979703556525, 1.17290495357274E-10, 
0, 40, 0, 9.22532920000012, 0.00999951957576057, 425.533994193833, 140.870310400001, 0.273732683335351, 99222.5964088734, 2, 30.6216266299086, 1.17290495357274E-10, 
0, 40, 10, 9.72278820000065, 0.010479911478388, 472.663601053082, 46.7992525999987, 0.149004315920932, 10950.9612310233, 2, 17.860589603953, 1.17290495357274E-10, 
0, 40, 50, 12.0661350000009, 0.00975135730057699, 727.958544636085, 91.7870186000015, 0.164870919120756, 42124.4198294849, 2, 34.0996071533808, 1.17290495357274E-10, 
0, 40, 100, 14.7455155999996, 0.0215347669486984, 1087.1534702801, 108.781385400002, 0.103820614056655, 59167.0029413185, 2, 25.0055298387139, 1.17290495357274E-10, 
0, 40, 200, 19.9352641999998, 0.0196117149020199, 1987.07571671578, 161.727951400001, 0.318632664867985, 130780.158954081, 2, 32.3148249771312, 1.17290495357274E-10, 
0, 40, 300, 25.038984399999, 0.0150171822199273, 3134.75482649578, 134.353643599998, 0.108792008227737, 90254.5669214817, 2, 32.3071879332606, 1.17290495357274E-10, 
0, 40, 500, 35.2776159999994, 0.0138970586396585, 6222.55191885826, 191.561700199997, 0.0896654273822566, 183479.465117012, 2, 32.3013302934931, 1.17290495357274E-10, 
0, 40, 600, 40.3270207999987, 0.0560722902880197, 8131.35875352634, 181.5577816, 0.240442048508303, 164816.429359461, 2, 32.3013024794391, 1.17290495357274E-10, 
0, 40, 700, 45.4917547999998, 0.024418954517444, 10347.5017553432, 186.809694799998, 0.16962701383315, 174489.45422296, 2, 32.3011800976016, 1.17290495357274E-10, 
0, 40, 800, 50.5478983999987, 0.0683878998861604, 12775.4735478072, 202.396973400001, 0.172398455144666, 204822.822813541, 2, 32.3010688413857, 1.17290495357274E-10, 
0, 40, 900, 55.5592933999986, 0.0655510950231199, 15434.1969002659, 194.2460912, 0.411183368288294, 188658.565091204, 2, 32.2979926070159, 1.17290495357274E-10, 
0, 40, 1000, 60.7829067999992, 0.084952462384417, 18472.8448798913, 192.818496799999, 0.117168908022736, 185894.932183821, 2, 32.2979926070159, 1.17290495357274E-10, 
0, 60, 0, 11.0946349999998, 0.00817073634370393, 615.454962720769, 141.091724399998, 0.302453398127338, 99534.8308611154, 2, 30.6216266299086, 1.17290495357274E-10, 
0, 60, 10, 11.4669202000005, 0.00713223620975991, 657.45154870986, 45.1475607999993, 0.0650382154449959, 10191.5323807955, 2, 17.9606571069812, 1.17290495357274E-10, 
0, 60, 50, 14.012647399999, 0.016167959335521, 981.772742798035, 95.8257674000022, 0.114019687166719, 45912.9534914419, 2, 26.3998444182179, 1.17290495357274E-10, 
0, 60, 100, 16.6820403999998, 0.00925023490651584, 1391.45278737036, 110.128956800001, 0.232988623332505, 60642.2070477752, 2, 32.417601731007, 1.17290495357274E-10, 
0, 60, 200, 21.8811465999999, 0.0301240237668974, 2393.92741993748, 127.535651799999, 0.0862285455387878, 81326.7495770627, 2, 24.9667309717951, 1.17290495357274E-10, 
0, 60, 300, 27.0728765999986, 0.0137518518710404, 3664.7041825609, 113.612754, 0.215515093382573, 64539.5215911001, 2, 32.3259874523434, 1.17290495357274E-10, 
0, 60, 500, 37.3871203999995, 0.021985620885097, 6988.98627585794, 123.935841, 0.127624129910664, 76800.5448614792, 2, 24.935839292746, 1.17290495357274E-10, 
0, 60, 600, 42.5716051999989, 0.0543874695816885, 9061.7226365071, 168.740612999999, 0.14830040717035, 142367.082343131, 2, 32.2967465373979, 1.17290495357274E-10, 
0, 60, 700, 47.8249789999987, 0.0453112497679016, 11436.1533472984, 163.774702200001, 0.101493684974598, 134110.816908336, 2, 32.2933365343804, 1.17290495357274E-10, 
0, 60, 800, 52.8907238, 0.0514205725404381, 13987.1565408158, 163.892977200002, 0.294588848808279, 134304.973790351, 2, 24.930547668977, 1.17290495357274E-10, 
0, 60, 900, 58.0637375999999, 0.0864184454948028, 16857.0254611468, 164.370922600004, 1.17663330852962, 135095.923311596, 2, 24.930547668977, 1.17290495357274E-10, 
0, 60, 1000, 63.1916927999962, 0.0463150411703686, 19965.9609200607, 163.331443199998, 0.10869572891727, 133385.860762779, 2, 24.930547668977, 1.17290495357274E-10, 
0, 80, 0, 11.5317284000019, 0.00939267554508097, 664.90424056882, 141.205363000001, 0.229357175913344, 99695.0357233809, 2, 30.6216266299086, 1.17290495357274E-10, 
0, 80, 10, 12.0323600000003, 0.00745304047984795, 723.888713587102, 45.0457833999972, 0.0913869882758465, 10145.6547685054, 2, 17.9606571071047, 1.17290495357274E-10, 
0, 80, 50, 14.4247760000027, 0.0166700324795237, 1040.37220270119, 95.2205826000019, 0.15462799541447, 45334.9163025038, 2, 26.3998444182149, 1.17290495357274E-10, 
0, 80, 100, 17.0686664000008, 0.0119137748637531, 1456.69757306274, 109.558746800004, 0.157842134799084, 60015.7195726347, 2, 32.417601731007, 1.17290495357274E-10, 
0, 80, 200, 22.259876199998, 0.0228674518711895, 2477.51305679795, 128.052446399999, 0.0818090381421979, 81987.1786087163, 2, 24.966730971795, 1.17290495357274E-10, 
0, 80, 300, 27.4468645999965, 0.0144772651752159, 3766.65292980873, 113.805256200003, 0.243931538299428, 64758.4792067181, 2, 32.3259874523421, 1.17290495357274E-10, 
0, 80, 500, 37.6581533999968, 0.00964195226692734, 7090.68305232467, 124.099391600004, 0.0381132359573186, 77003.302240549, 2, 24.9358392927447, 1.17290495357274E-10, 
0, 80, 600, 42.7669622000016, 0.0415864947595253, 9145.07392626455, 167.949434199996, 0.145928830884818, 141035.168716613, 2, 32.2967465373966, 1.17290495357274E-10, 
0, 80, 700, 47.9487529999984, 0.0541275988370847, 11495.4292202591, 162.732964399998, 0.251595765304999, 132410.405014201, 2, 32.2933365343791, 1.17290495357274E-10, 
0, 80, 800, 52.9659505999967, 0.0294536037094135, 14026.9639523803, 163.136142199996, 0.139631691446305, 133067.101944533, 2, 24.9305476689757, 1.17290495357274E-10, 
0, 80, 900, 58.0263811999961, 0.0506665398058222, 16835.3174113276, 163.4284342, 0.0366402695538722, 133544.272237865, 2, 24.9305476689757, 1.17290495357274E-10, 
0, 80, 1000, 63.1532552000019, 0.0796525497998902, 19941.6999344263, 163.585120800004, 0.167794578485426, 133800.599510862, 2, 24.9305476689757, 1.17290495357274E-10, 
0, 100, 0, 11.535347599996, 0.0116369296370919, 665.321898354327, 141.911579599997, 0.230229650344719, 100694.747151291, 2, 30.6216266299086, 1.17290495357274E-10, 
0, 100, 10, 12.027456000002, 0.0151805389104911, 723.299641403727, 45.1686732000031, 0.0673705281684932, 10201.0678871837, 2, 17.9606571071047, 1.17290495357274E-10, 
0, 100, 50, 14.4156168000016, 0.0198144835061833, 1039.05200169122, 96.1465605999983, 0.102700192186919, 46220.8583126931, 2, 26.3998444182149, 1.17290495357274E-10, 
0, 100, 100, 17.0652696000005, 0.0207210231465514, 1456.1192794075, 110.264034200003, 0.122031957680423, 60790.8606492904, 2, 32.417601731007, 1.17290495357274E-10, 
0, 100, 200, 22.2661394000053, 0.0273454213735868, 2478.9085577627, 128.058046600001, 0.0910664704122708, 81994.3579605508, 2, 24.966730971795, 1.17290495357274E-10, 
0, 100, 300, 27.4300679999986, 0.0249930263887904, 3762.04627567957, 113.2230988, 0.203673737251725, 64097.5579243286, 2, 32.3259874523421, 1.17290495357274E-10, 
0, 100, 500, 37.7084281999967, 0.0329453865128019, 7109.633213564, 123.974251399998, 0.0835931314659165, 76848.1099900081, 2, 24.9358392927447, 1.17290495357274E-10, 
0, 100, 600, 42.7886217999941, 0.0342334304075481, 9154.33663735346, 166.941828799996, 0.119066844628517, 139347.941900003, 2, 32.2967465373966, 1.17290495357274E-10, 
0, 100, 700, 47.9519696000003, 0.0446721250995932, 11496.9669205906, 163.886492199998, 0.0741148815646659, 134293.939093178, 2, 32.2933365343791, 1.17290495357274E-10, 
0, 100, 800, 52.9448770000046, 0.0661479231171075, 14015.8218804668, 162.964005600003, 0.199175363539608, 132786.533960117, 2, 24.9305476689757, 1.17290495357274E-10, 
0, 100, 900, 58.0648297999985, 0.0499771211335324, 16857.6347870772, 163.073878199997, 0.15997500221372, 132965.576715944, 2, 24.9305476689757, 1.17290495357274E-10, 
0, 100, 1000, 63.1862629999989, 0.034348773436134, 19962.5250587163, 162.356417599999, 0.0378608527772031, 131798.038846746, 2, 24.9305476689757, 1.17290495357274E-10, 
0, 150, 0, 11.5414578000025, 0.0121036545145694, 666.02697323846, 141.059539599999, 0.217786154150534, 99489.2057148631, 2, 30.6216266299086, 1.17290495357274E-10, 
0, 150, 10, 12.034207600003, 0.0105356532323909, 724.111317799794, 45.2181794000033, 0.0898915722118718, 10223.4591437282, 2, 17.9606571071047, 1.17290495357274E-10, 
0, 150, 50, 14.416540800003, 0.0136436729558079, 1039.18417393981, 95.2216555999999, 0.171177572932105, 45335.9649848324, 2, 26.3998444182149, 1.17290495357274E-10, 
0, 150, 100, 17.0535395999992, 0.0136560976927135, 1454.11699688873, 109.872774599999, 0.181777431503216, 60360.2982066839, 2, 32.417601731007, 1.17290495357274E-10, 
0, 150, 200, 22.259891000003, 0.0218066435091302, 2477.51611430857, 127.813193, 0.188285021249044, 81681.2387805228, 2, 24.966730971795, 1.17290495357274E-10, 
0, 150, 300, 27.4694828000007, 0.0348069080820702, 3772.86848410192, 113.716444200004, 0.156354781776373, 64657.2706415517, 2, 32.3259874523421, 1.17290495357274E-10, 
0, 150, 500, 37.660047200002, 0.0459944670194417, 7091.40635298688, 124.398416200001, 0.0767387398257594, 77374.859209514, 2, 24.9358392927447, 1.17290495357274E-10, 
0, 150, 600, 42.7914359999966, 0.0375797840222065, 9155.54203590986, 167.473999600002, 0.184448047042342, 140237.872815517, 2, 32.2967465373966, 1.17290495357274E-10, 
0, 150, 700, 47.9330320000037, 0.0773699076881933, 11487.90771408, 164.0382178, 0.165319875865685, 134542.821148308, 2, 32.2933365343791, 1.17290495357274E-10, 
0, 150, 800, 52.9697093999974, 0.0562087635229845, 14028.9663667263, 163.436139199996, 0.19959545862518, 133557.057174738, 2, 24.9305476689757, 1.17290495357274E-10, 
0, 150, 900, 58.0887051999947, 0.104003157280312, 16871.5424423431, 162.701194599998, 0.0699869502104701, 132358.418112199, 2, 24.9305476689757, 1.17290495357274E-10, 
0, 150, 1000, 63.2155178000015, 0.0663909119001361, 19981.0304923775, 164.530884999997, 1.61335362297944, 135365.075143975, 2, 24.9305476689757, 1.17290495357274E-10, 
