0, 0, 0, 5.9701366, 0.00515966043824939, 178.212788223777, 38.9626032, 0.0213426641345437, 7590.42451814982, 2, 13.2543154914643, 1.17290495357274E-10, 
0, 10, 0, 6.27728799999995, 0.00855727204212514, 197.022089309241, 26.9954004, 0.0200906680048398, 3643.7602319563, 2, 13.784732996625, 1.17290495357274E-10, 
0, 10, 10, 6.90418280000003, 0.00743666162769417, 238.338977198762, 22.203068, 0.0218758747849767, 2464.8835358326, 2, 13.6967427237196, 1.17290495357274E-10, 
0, 10, 50, 9.43730719999999, 0.00593086922466185, 445.314011811907, 93.9970332000001, 0.290004179941726, 44177.6317641315, 2, 24.8660347223489, 1.17290495357274E-10, 
0, 10, 100, 12.1137298000002, 0.0115340657427508, 733.712913510432, 109.4882216, 0.0804858279443897, 59938.3857354959, 2, 24.5956448909884, 1.17290495357274E-10, 
0, 10, 200, 17.349773, 0.0155100780503562, 1505.07431857025, 131.0379456, 0.216776155279304, 85854.9508948506, 2, 31.6782063460028, 1.17290495357274E-10, 
0, 10, 300, 22.6210987999999, 0.00762982829172188, 2558.57084566818, 132.6337892, 0.112476845410748, 87958.6734429539, 2, 31.6942741697583, 1.17290495357274E-10, 
0, 10, 500, 33.0326790000003, 0.0276216327620066, 5455.79322435828, 126.4924954, 0.205141644436555, 80001.9673780665, 2, 31.6657734036462, 1.17290495357274E-10, 
0, 10, 600, 38.2410129999998, 0.0159733746302642, 7311.87665207427, 127.0616478, 0.0449301742004032, 80723.3218018585, 2, 31.6657734036462, 1.17290495357274E-10, 
0, 10, 700, 43.4554016000002, 0.0327269746323926, 9441.86499636084, 126.1778726, 0.0806505596179982, 79604.3101918726, 2, 31.6657734036462, 1.17290495357274E-10, 
0, 10, 800, 48.7116279999995, 0.018870235519282, 11864.1152924806, 126.609894, 0.121388186768339, 80150.3999689156, 2, 31.6657734036462, 1.17290495357274E-10, 
0, 10, 900, 53.9938697999998, 0.036048190076044, 14576.6963772567, 126.7830312, 0.185954347184582, 80369.8578963968, 2, 31.6657734036462, 1.17290495357274E-10, 
0, 10, 1000, 59.3117563999997, 0.0261461874161717, 17589.4256543801, 127.6042576, 0.109212004024627, 81414.2924245449, 2, 31.6657734036462, 1.17290495357274E-10, 
0, 20, 0, 7.42951719999983, 0.00793672727001099, 275.988944083665, 72.7016184, 0.119623482693587, 26427.6981387842, 2, 16.3487764479501, 1.17290495357274E-10, 
0, 20, 10, 7.84924680000004, 0.0107466167778731, 308.053954085415, 44.0628618000002, 0.162369930293904, 9707.81077000092, 2, 14.8510330787163, 1.17290495357274E-10, 
0, 20, 50, 10.4026651999993, 0.00662210402881944, 541.077435577693, 89.5248692000001, 0.231144410483367, 40073.7781650781, 2, 32.5670092677733, 1.17290495357274E-10, 
0, 20, 100, 13.0292662, 0.00949387525195042, 848.809339220647, 97.7735628000009, 0.258951259612044, 47798.6831918029, 2, 32.4222852699018, 1.17290495357274E-10, 
0, 20, 200, 18.1853908000005, 0.0107951797834354, 1653.54277542324, 103.489083999999, 0.217931023305059, 53550.1900054491, 2, 32.3388931733921, 1.17290495357274E-10, 
0, 20, 300, 23.5903694000015, 0.0161893119650729, 2782.52895261175, 115.866319199999, 0.318444954281921, 67125.5266607251, 2, 32.3025207350064, 1.17290495357274E-10, 
0, 20, 500, 34.2133607999989, 0.0311245704046688, 5852.77512984893, 141.316827400002, 0.336741992979361, 99852.7955078586, 2, 32.3014777078589, 1.17290495357274E-10, 
0, 20, 600, 39.5644414000002, 0.0326420004915646, 7826.73044397124, 164.2960468, 0.439213064532534, 134966.919511119, 2, 32.3010744040763, 1.17290495357274E-10, 
0, 20, 700, 44.9390314000011, 0.0733016076692824, 10097.6095814799, 144.779687600001, 0.307073864234315, 104806.26117956, 2, 32.3010465900223, 1.17290495357274E-10, 
0, 20, 800, 50.0633432000002, 0.0698057919705834, 12531.716026048, 174.469819799999, 0.268964202412812, 152198.951813932, 2, 32.2979703556525, 1.17290495357274E-10, 
0, 20, 900, 55.2764518000004, 0.0648700914184489, 15277.4516586326, 174.4187574, 0.366019171683016, 152110.18451497, 2, 32.2979703556525, 1.17290495357274E-10, 
0, 20, 1000, 60.5013896000019, 0.0417972005390566, 18302.0994526859, 174.6418824, 0.4236158109646, 152499.832692854, 2, 32.2979703556525, 1.17290495357274E-10, 
0, 40, 0, 9.39624280000062, 0.00739614241132461, 441.44716729743, 143.9820546, 0.285208928540438, 103654.566954851, 2, 30.6216266299086, 1.17290495357274E-10, 
0, 40, 10, 9.90798419999774, 0.0137816443757532, 490.841704205632, 47.3480708000003, 0.0514927057309029, 11209.2122999029, 2, 17.860589603953, 1.17290495357274E-10, 
0, 40, 50, 12.3048597999994, 0.00715574346549695, 757.048129511528, 92.8922066000014, 0.287484412598156, 43145.2234715241, 2, 34.0996071533808, 1.17290495357274E-10, 
0, 40, 100, 15.0331682000018, 0.0178714260581998, 1129.98232758708, 109.7040672, 0.248039302923896, 60175.2194185899, 2, 25.0055298387139, 1.17290495357274E-10, 
0, 40, 200, 20.3282736000008, 0.015843792140084, 2066.1947929112, 161.440762000001, 0.321537046340056, 130316.115106066, 2, 32.3148249771312, 1.17290495357274E-10, 
0, 40, 300, 25.5391146000009, 0.0203190119285579, 3261.23393707113, 135.9064862, 0.491211554712819, 92354.0714001113, 2, 32.3071879332606, 1.17290495357274E-10, 
0, 40, 500, 35.9988450000004, 0.0304443269380995, 6479.5888409555, 192.647233400001, 0.499682404216829, 185566.031095897, 2, 32.3013302934931, 1.17290495357274E-10, 
0, 40, 600, 41.1197092000002, 0.0567061853272081, 8454.16850142018, 182.995428000001, 0.694404808723669, 167439.044334709, 2, 32.3013024794391, 1.17290495357274E-10, 
0, 40, 700, 46.2678106000007, 0.0391921254071082, 10703.5591687011, 189.057915800001, 0.663993947970089, 178716.682073016, 2, 32.3011800976016, 1.17290495357274E-10, 
0, 40, 800, 51.4999926000004, 0.0322367713815943, 13261.2513850476, 203.5824882, 0.283448614914875, 207229.549224102, 2, 32.3010688413857, 1.17290495357274E-10, 
0, 40, 900, 56.6428008000003, 0.0668201584583624, 16042.0567370104, 194.661343999997, 0.347242284382261, 189465.797125447, 2, 32.2979926070159, 1.17290495357274E-10, 
0, 40, 1000, 61.8763726000005, 0.0358140572772103, 19143.4338439039, 195.519802199998, 0.326298701530029, 191140.497615845, 2, 32.2979926070159, 1.17290495357274E-10, 
0, 60, 0, 11.3113163999995, 0.0141597022395256, 639.730395990324, 144.335634399999, 0.243298773992219, 104164.172759717, 2, 30.6216266299086, 1.17290495357274E-10, 
0, 60, 10, 11.7114844000011, 0.0108497110282738, 685.794922838488, 45.7177641999981, 0.1298736749763, 10450.6541530904, 2, 17.9606571069812, 1.17290495357274E-10, 
0, 60, 50, 14.2853759999998, 0.00760270754407366, 1020.36012631266, 96.7014986000009, 0.408291003395997, 46756.7326651472, 2, 26.3998444182179, 1.17290495357274E-10, 
0, 60, 100, 17.0253552000009, 0.0207318226396012, 1449.31574747334, 111.327098599999, 0.25053402898198, 61968.9282499677, 2, 32.417601731007, 1.17290495357274E-10, 
0, 60, 200, 22.3232984000017, 0.0261842708806438, 2491.65168535779, 128.5031948, 0.0921224389023302, 82565.3978017529, 2, 24.9667309717951, 1.17290495357274E-10, 
0, 60, 300, 27.6285287999985, 0.0427450728983022, 3816.68715396801, 114.881992400001, 0.342710544144008, 65989.9481415548, 2, 32.3259874523434, 1.17290495357274E-10, 
0, 60, 500, 38.1063784000027, 0.0248510492929332, 7260.48346169423, 125.116570800001, 0.332089587191601, 78271.3328612285, 2, 24.935839292746, 1.17290495357274E-10, 
0, 60, 600, 43.4226463999992, 0.0752407248047386, 9427.65940773017, 169.428535799999, 0.377844667779717, 143530.857549623, 2, 32.2967465373979, 1.17290495357274E-10, 
0, 60, 700, 48.7531927999997, 0.028456106564781, 11884.3730897197, 165.6224238, 0.246072914079317, 137154.239086328, 2, 32.2933365343804, 1.17290495357274E-10, 
0, 60, 800, 53.9907066, 0.0537770035586497, 14574.996455667, 165.387922, 0.137860519331656, 136765.918745005, 2, 24.930547668977, 1.17290495357274E-10, 
0, 60, 900, 59.1526836000005, 0.0666388906032846, 17495.2220891175, 163.7648136, 0.198071294628074, 134094.767028403, 2, 24.930547668977, 1.17290495357274E-10, 
0, 60, 1000, 64.387136400002, 0.0958371964829716, 20728.5625928035, 164.977349399994, 0.172093199553049, 136087.777155584, 2, 24.930547668977, 1.17290495357274E-10, 
0, 80, 0, 11.7649679999944, 0.0079225035687579, 692.072674034776, 144.885122399998, 0.255589130626827, 104958.820093331, 2, 30.6216266299086, 1.17290495357274E-10, 
0, 80, 10, 12.2759057999996, 0.00931004342831833, 753.489749436862, 45.6611607999977, 0.107139989755224, 10424.7654229033, 2, 17.9606571071047, 1.17290495357274E-10, 
0, 80, 50, 14.6969536000019, 0.012266836552837, 1080.00297797943, 96.3148782000004, 0.349772148588951, 46383.3905161842, 2, 26.3998444182149, 1.17290495357274E-10, 
0, 80, 100, 17.4021196000016, 0.0137767613730322, 1514.16978185957, 111.3018342, 0.311125217777241, 61940.9754759267, 2, 32.417601731007, 1.17290495357274E-10, 
0, 80, 200, 22.6659069999965, 0.0376405418198421, 2568.7237847144, 128.653039, 0.109025287187338, 82758.0816522438, 2, 24.966730971795, 1.17290495357274E-10, 
0, 80, 300, 27.9839512000035, 0.0203287891703033, 3915.50969011923, 115.253066800002, 0.409650325008909, 66417.1861009727, 2, 32.3259874523421, 1.17290495357274E-10, 
0, 80, 500, 38.3915108000016, 0.0464322662346895, 7369.55128730992, 125.126169799999, 0.381650109496221, 78283.520128121, 2, 24.9358392927447, 1.17290495357274E-10, 
0, 80, 600, 43.5855621999945, 0.0525177704781954, 9498.51995202901, 169.929146199996, 0.211900234114573, 144379.798149845, 2, 32.2967465373966, 1.17290495357274E-10, 
0, 80, 700, 48.8567623999959, 0.0573434872931698, 11934.932602426, 164.731638400003, 0.299818718022559, 135683.012906066, 2, 32.2933365343791, 1.17290495357274E-10, 
0, 80, 800, 53.9690444000007, 0.0723984508620099, 14563.3149749247, 163.892205600001, 0.116127079587797, 134303.342709658, 2, 24.9305476689757, 1.17290495357274E-10, 
0, 80, 900, 59.1645384000003, 0.0442834254347879, 17502.2228255344, 163.968119399998, 0.18787852716167, 134427.897389564, 2, 24.9305476689757, 1.17290495357274E-10, 
0, 80, 1000, 64.4331353999994, 0.0191367071721395, 20758.1465184411, 164.301789999998, 0.22198704280608, 134975.637377253, 2, 24.9305476689757, 1.17290495357274E-10, 
0, 100, 0, 11.7638744000025, 0.0158374207283973, 691.944958614651, 144.1724946, 0.32377891904259, 103929.065159878, 2, 30.6216266299086, 1.17290495357274E-10, 
0, 100, 10, 12.2767470000021, 0.014737922141506, 753.593670542044, 45.5793034000002, 0.103887958030943, 10387.4184556855, 2, 17.9606571071047, 1.17290495357274E-10, 
0, 100, 50, 14.7101247999963, 0.0190743709135566, 1081.94067731545, 96.6489461999998, 0.314479479309285, 46705.5884945668, 2, 26.3998444182149, 1.17290495357274E-10, 
0, 100, 100, 17.3953756000003, 0.0154194472214418, 1512.99665012219, 112.3792212, 0.2762640943036, 63145.8283968417, 2, 32.417601731007, 1.17290495357274E-10, 
0, 100, 200, 22.6816762000031, 0.0197035443184918, 2572.29411735724, 128.763963599998, 0.248470193312808, 82901.1002970926, 2, 24.966730971795, 1.17290495357274E-10, 
0, 100, 300, 27.9804669999983, 0.0211312137922751, 3914.53490033096, 115.176750400002, 0.280639802384796, 66328.8129570149, 2, 32.3259874523421, 1.17290495357274E-10, 
0, 100, 500, 38.4056202000036, 0.0625596787033789, 7374.97788330162, 125.1288046, 0.289340577365241, 78286.5072929736, 2, 24.9358392927447, 1.17290495357274E-10, 
0, 100, 600, 43.6357886000042, 0.0504291979219636, 9520.42294924128, 169.140100000004, 0.328711247118182, 143042.407395477, 2, 32.2967465373966, 1.17290495357274E-10, 
0, 100, 700, 48.8843625999987, 0.0436067828902586, 11948.4140417983, 165.576753199994, 0.234150940524422, 137078.580134573, 2, 32.2933365343791, 1.17290495357274E-10, 
0, 100, 800, 53.9861013999936, 0.041230043083992, 14572.5042214342, 164.0851578, 0.399796910667758, 134620.494239104, 2, 24.9305476689757, 1.17290495357274E-10, 
0, 100, 900, 59.1770737999963, 0.0282396366293526, 17509.6343050364, 163.979457000003, 0.449837618229437, 134447.323359493, 2, 24.9305476689757, 1.17290495357274E-10, 
0, 100, 1000, 64.3553867999988, 0.108101567539118, 20708.1374806318, 164.036694200002, 0.0947937573639444, 134540.230149607, 2, 24.9305476689757, 1.17290495357274E-10, 
0, 150, 0, 11.7749020000017, 0.00816331763301525, 693.241918747, 144.416420400003, 0.243453730590834, 104280.808754347, 2, 30.6216266299086, 1.17290495357274E-10, 
0, 150, 10, 12.2712015999976, 0.0107824896118625, 752.912524849328, 45.5204199999978, 0.091007924191695, 10360.5845970923, 2, 17.9606571071047, 1.17290495357274E-10, 
0, 150, 50, 14.6883973999997, 0.0104162532746288, 1078.74563339325, 96.9203663999971, 0.340890417534896, 46968.3681469323, 2, 26.3998444182149, 1.17290495357274E-10, 
0, 150, 100, 17.3872159999999, 0.0198370278091155, 1511.57836869162, 111.2233244, 0.328443837782227, 61853.6788297114, 2, 32.417601731007, 1.17290495357274E-10, 
0, 150, 200, 22.7015960000019, 0.0262631975105121, 2576.81575351422, 128.592658199999, 0.174242277747446, 82680.510516565, 2, 24.966730971795, 1.17290495357274E-10, 
0, 150, 300, 27.9847064000031, 0.028565820502662, 3915.72304150236, 114.9314556, 0.362589532887298, 66046.8547875204, 2, 32.3259874523421, 1.17290495357274E-10, 
0, 150, 500, 38.4052671999962, 0.0500541508252263, 7374.83527060558, 125.235401800001, 0.289026457151912, 78419.9470015035, 2, 24.9358392927447, 1.17290495357274E-10, 
0, 150, 600, 43.5989197999996, 0.0569107791908878, 9504.34523281791, 169.014174799999, 0.103244357281738, 142829.00971361, 2, 32.2967465373966, 1.17290495357274E-10, 
0, 150, 700, 48.9060381999996, 0.0482053205370293, 11959.0144808637, 165.755652000004, 0.218059866664576, 137374.91860026, 2, 32.2933365343791, 1.17290495357274E-10, 
0, 150, 800, 54.0052055999957, 0.0513581109705812, 14582.8243477668, 163.710159999999, 0.187719740790793, 134005.258629633, 2, 24.9305476689757, 1.17290495357274E-10, 
0, 150, 900, 59.2203796000045, 0.0650005479517821, 17535.2879251993, 164.197625799995, 0.199850708479905, 134804.501293305, 2, 24.9305476689757, 1.17290495357274E-10, 
0, 150, 1000, 64.5107359999965, 0.21352850290057, 20808.403268414, 164.243418799998, 0.180497314570068, 134879.665991961, 2, 24.9305476689757, 1.17290495357274E-10, 
