0, 1, 0, 15.4070252, 0.0389279045072879, 1186.88970447592, 1.7630464, 0.0126578181152717, 15.542464144562, 2, 5.12323422714024, 7.04077883107022E-09, 
0, 1, 10, 15.4881336, 0.0304452400455705, 1199.41604662045, 1.7222978, 0.00548609028000173, 14.831699045357, 2, 5.02395179982158, 7.04077883107022E-09, 
0, 1, 20, 15.5524922, 0.0161063082361264, 1209.40136522113, 1.7265044, 0.00688070221999099, 14.904323936412, 2, 5.02394989759932, 7.04077883107022E-09, 
0, 1, 30, 15.6295874, 0.00567192050648946, 1221.42017232461, 1.70061640000001, 0.00417403927155966, 14.4605678127642, 2, 5.01917215609624, 7.04077883107022E-09, 
0, 1, 50, 15.7697056, 0.0181240920608481, 1243.41971596692, 1.704174, 0.00516143611795805, 14.521178313494, 2, 5.01917215609624, 7.04077883107022E-09, 
0, 1, 100, 16.133445, 0.00979847398716618, 1301.44071789058, 1.70136700000003, 0.00510058126101944, 14.4733784230915, 2, 5.01917215609624, 7.04077883107022E-09, 
0, 1, 200, 16.881781, 0.0173513763710265, 1424.97415401112, 1.71728459999999, 0.00405770578531682, 14.7454143118669, 2, 5.01915528425204, 7.04077883107022E-09, 
0, 1, 500, 19.0747196, 0.0249724819163548, 1819.22775721738, 1.71745959999996, 0.00577682544650458, 14.7485042467213, 2, 5.01914510873216, 7.04077883107022E-09, 
0, 1, 600, 19.8113608, 0.0156077651252437, 1962.45130175055, 1.7237292, 0.00381541585673293, 14.856284561654, 2, 5.01914510873216, 7.04077883107022E-09, 
0, 1, 650, 20.2003476, 0.0261079070674324, 2040.27362391818, 1.71905500000003, 0.00649221213457841, 14.7759612092174, 2, 5.01914156899825, 7.04077883107022E-09, 
0, 1, 700, 20.5299198, 0.0135066626454899, 2107.38894712183, 1.72071580000002, 0.00429662534558388, 14.8044066267953, 2, 5.01914156899825, 7.04077883107022E-09, 
0, 1, 750, 20.9145274, 0.0291074046856499, 2187.09151803178, 1.71814420000001, 0.00541616090608577, 14.7602441339631, 2, 5.01914156899825, 7.04077883107022E-09, 
0, 1, 800, 21.2473262, 0.0175796517432796, 2257.24589846682, 1.72166299999994, 0.00519741716622947, 14.82075249357, 2, 5.01914156899825, 7.04077883107022E-09, 
0, 5, 0, 15.4648238, 0.00570426715112726, 1195.80403851855, 1.78120540000009, 0.00613421664443173, 15.8636515280166, 2, 5.09349882942886, 7.04077883107022E-09, 
0, 5, 10, 15.5581684, 0.0135885620815913, 1210.28394305889, 1.77961179999998, 0.00693528809494299, 15.8353312846006, 2, 5.05158475432225, 7.04077883107022E-09, 
0, 5, 20, 15.6326978, 0.003925587111455, 1221.90627958179, 1.77289479999999, 0.00421047395903108, 15.7158684997899, 2, 5.03005866617034, 7.04077883107022E-09, 
0, 5, 30, 15.7006828, 0.00859352515329972, 1232.55757117445, 1.76855679999999, 0.00403347227087024, 15.6390471186238, 2, 5.02630891188981, 7.04077883107022E-09, 
0, 5, 50, 15.856346, 0.009232260633307, 1257.11896853177, 1.74251760000006, 0.00481875853714297, 15.1819540337191, 2, 5.01943156486239, 7.04077883107022E-09, 
0, 5, 100, 16.2483542, 0.0129043861283294, 1320.04590365919, 1.74353859999997, 0.00616809551159612, 15.1998244754604, 2, 5.01943153587738, 7.04077883107022E-09, 
0, 5, 200, 16.9968523999999, 0.013750941267881, 1444.46590297885, 1.72944579999985, 0.0047025957682829, 14.9550244477204, 2, 5.01923084142016, 7.04077883107022E-09, 
0, 5, 500, 19.2215868, 0.0049208025978925, 1847.34711662117, 1.7271178, 0.00965750049233375, 14.9151458119629, 2, 5.01914510873216, 7.04077883107022E-09, 
0, 5, 600, 19.9616126000001, 0.0135028152397459, 1992.33079959251, 1.72918379999992, 0.00545263908221596, 14.9505317272756, 2, 5.01914510873216, 7.04077883107022E-09, 
0, 5, 650, 20.3216922, 0.00569295299063876, 2064.85603140627, 1.72964919999986, 0.00669969722903237, 14.9586562050155, 2, 5.01914156899825, 7.04077883107022E-09, 
0, 5, 700, 20.6731192, 0.0119934845523749, 2136.89000650541, 1.73287139999993, 0.00525526625769775, 15.0143545338058, 2, 5.01914156899825, 7.04077883107022E-09, 
0, 5, 750, 21.0298409999999, 0.0240410860249235, 2211.27395229548, 1.73312920000008, 0.00627754192012548, 15.0188811571273, 2, 5.01914156899825, 7.04077883107022E-09, 
0, 5, 800, 21.4009032, 0.0198780993671169, 2289.99526457302, 1.73184200000023, 0.00595343319443611, 14.996560781658, 2, 5.01914156899825, 7.04077883107022E-09, 
0, 9, 0, 15.5092178000001, 0.0119053829248836, 1202.67989252991, 1.79401820000003, 0.00484399345169445, 16.0926238310195, 2, 5.09349882942886, 7.04077883107022E-09, 
0, 9, 10, 15.5842595999999, 0.00935299786545516, 1214.3461737938, 1.78406620000005, 0.00602056779376933, 15.9146422660959, 2, 5.03049531765872, 7.04077883107022E-09, 
0, 9, 20, 15.6758612000001, 0.0209284452878843, 1228.66531180745, 1.77310919999991, 0.00583976928989599, 15.7197516901484, 2, 5.02421213370269, 7.04077883107022E-09, 
0, 9, 30, 15.734093, 0.0153446519806078, 1237.80958995497, 1.7601662, 0.00614550240094398, 15.4911140941111, 2, 5.01943308748225, 7.04077883107022E-09, 
0, 9, 50, 15.8799166, 0.0110247377958109, 1260.85936383899, 1.74634699999997, 0.00603169949533473, 15.2488211290385, 2, 5.01943153581918, 7.04077883107022E-09, 
0, 9, 100, 16.258759, 0.00853855575645505, 1321.73658563508, 1.74568360000003, 0.00600908088169424, 15.2372367018105, 2, 5.01943153581918, 7.04077883107022E-09, 
0, 9, 200, 17.0084837999999, 0.0134500816093629, 1446.44351039777, 1.73500919999997, 0.00537923174431039, 15.0514293010934, 2, 5.01923068856579, 7.04077883107022E-09, 
0, 9, 500, 19.2485698000001, 0.0474408736149557, 1852.54844990983, 1.72784200000006, 0.00506844654695648, 14.9273183305729, 2, 5.01914510873216, 7.04077883107022E-09, 
0, 9, 600, 19.9629282000001, 0.0143201272808313, 1992.59353692202, 1.72600520000015, 0.00469526661238016, 14.8955799797805, 2, 5.01914445550478, 7.04077883107022E-09, 
0, 9, 650, 20.3177054000001, 0.0082155328348127, 2064.04610108086, 1.72499839999991, 0.00506375424367411, 14.8782256080465, 2, 5.01914156899825, 7.04077883107022E-09, 
0, 9, 700, 20.6892891999999, 0.00590943659629938, 2140.23361261337, 1.73471440000012, 0.00574760794063202, 15.0463354228241, 2, 5.01914156899825, 7.04077883107022E-09, 
0, 9, 750, 21.062972, 0.0188069472369464, 2218.24571587024, 1.73139220000003, 0.00686176389566413, 14.9888301701235, 2, 5.01914156899825, 7.04077883107022E-09, 
0, 9, 800, 21.3957637999999, 0.0148470022368042, 2288.89464509431, 1.73317540000025, 0.00542404891572849, 15.0196319373634, 2, 5.01914156899825, 7.04077883107022E-09, 
0, 13, 0, 15.5712589999999, 0.00982760088585191, 1212.32101713409, 1.7903714, 0.0057007627767893, 16.0273112431711, 2, 5.09349882942886, 7.04077883107022E-09, 
0, 13, 10, 15.6456745999996, 0.0162882556306885, 1223.93699498172, 1.79600520000004, 0.00481586658445654, 16.1282893549906, 2, 5.03049215345555, 7.04077883107022E-09, 
0, 13, 20, 15.7100278000002, 0.0067172008248876, 1234.02509298783, 1.74972640000015, 0.00555795201831551, 15.3078668284405, 2, 5.01943036493621, 7.04077883107022E-09, 
0, 13, 30, 15.7827273999999, 0.00554947884104242, 1245.47257489712, 1.7517318000002, 0.00260855833006004, 15.3428555185425, 2, 5.01942714808276, 7.04077883107022E-09, 
0, 13, 50, 15.9437902, 0.0219989305141742, 1271.02464947279, 1.75451239999984, 0.00855523607142649, 15.3919347690872, 2, 5.01942713645011, 7.04077883107022E-09, 
0, 13, 100, 16.304141, 0.00834192208583591, 1329.12541667772, 1.7487565999998, 0.00575269677970951, 15.2909136978154, 2, 5.01942710600912, 7.04077883107022E-09, 
0, 13, 200, 17.0468413999999, 0.011333577557519, 1452.97465083365, 1.74952219999996, 0.00574873542272823, 15.3043048812582, 2, 5.01942695797827, 7.04077883107022E-09, 
0, 13, 500, 19.2792646000002, 0.0181662698752047, 1858.4518676509, 1.73209380000008, 0.00495536535093064, 15.0008674382223, 2, 5.01914589309476, 7.04077883107022E-09, 
0, 13, 600, 20.0129014000004, 0.0237661636751987, 2002.58393638336, 1.72975380000007, 0.00496862449366014, 14.9603644792202, 2, 5.01914445550478, 7.04077883107022E-09, 
0, 13, 650, 20.3737293999999, 0.00942909152311354, 2075.44469286093, 1.73487619999978, 0.00307154615118265, 15.0490243186072, 2, 5.01914156899825, 7.04077883107022E-09, 
0, 13, 700, 20.741704, 0.0188128451655458, 2151.0931937338, 1.73139240000019, 0.00504657716072907, 14.9887255535972, 2, 5.01914156899825, 7.04077883107022E-09, 
0, 13, 750, 21.1077466000001, 0.0099712109769705, 2227.68532977431, 1.74055840000019, 0.00521798093539282, 15.1478538556813, 2, 5.01914156899825, 7.04077883107022E-09, 
0, 13, 800, 21.4576077999998, 0.00478835007697513, 2302.14477713455, 1.73570919999984, 0.00819856712874173, 15.0637682173352, 2, 5.01914156899825, 7.04077883107022E-09, 
0, 17, 0, 15.6191154, 0.00762747566671985, 1219.78412028451, 1.80048620000016, 0.00621208140338829, 16.2089457317319, 2, 5.09349882942886, 7.04077883107022E-09, 
0, 17, 10, 15.6935731999998, 0.0118837684665124, 1231.44190503853, 1.76586939999979, 0.00682063643957627, 15.5917062946853, 2, 5.01943305843904, 7.04077883107022E-09, 
0, 17, 20, 15.7759367999999, 0.0112889999302226, 1244.40154679555, 1.75305880000014, 0.00400973841555663, 15.3661561713005, 2, 5.01943156492059, 7.04077883107022E-09, 
0, 17, 30, 15.8321297999999, 0.0154565018993087, 1253.28286453748, 1.74671719999988, 0.00425209296210808, 15.2551952853498, 2, 5.01943153587738, 7.04077883107022E-09, 
0, 17, 50, 15.9995428, 0.0191723992380617, 1279.92868694962, 1.74806140000037, 0.00399174771759243, 15.2786729611055, 2, 5.01943153581918, 7.04077883107022E-09, 
0, 17, 100, 16.3651662000002, 0.0143234364501037, 1339.0943495723, 1.75237899999993, 0.00851066319362936, 15.3545229551437, 2, 5.01943153581918, 7.04077883107022E-09, 
0, 17, 200, 17.1187714, 0.0251025391284154, 1465.26482191464, 1.72999180000024, 0.00355781952329846, 14.9644214307392, 2, 5.01923068856579, 7.04077883107022E-09, 
0, 17, 500, 19.3571067999997, 0.0165454325694216, 1873.48928708968, 1.7343687999999, 0.00378165727692716, 15.0402471767243, 2, 5.01914510873216, 7.04077883107022E-09, 
0, 17, 600, 20.0812972000002, 0.0177699016807904, 2016.2940650207, 1.73525760000011, 0.00362977710607003, 15.0556605682, 2, 5.01914445550478, 7.04077883107022E-09, 
0, 17, 650, 20.4458635999999, 0.0228788554224121, 2090.16930895914, 1.73117919999986, 0.00449592590718269, 14.9850081793096, 2, 5.01914156899825, 7.04077883107022E-09, 
0, 17, 700, 20.7992658000001, 0.0138654179802941, 2163.04825034435, 1.73211439999995, 0.00453226824450745, 15.0012041807132, 2, 5.01914156899825, 7.04077883107022E-09, 
0, 17, 750, 21.1673794000002, 0.0195992004102065, 2240.29167396105, 1.73311399999984, 0.00838449793392024, 15.0187721840053, 2, 5.01914156899825, 7.04077883107022E-09, 
0, 17, 800, 21.5224892, 0.0180565256183818, 2316.08933701117, 1.73856700000015, 0.0062865063429041, 15.1132736682576, 2, 5.01914156899825, 7.04077883107022E-09, 
0, 21, 0, 15.6732641999999, 0.0137484934355614, 1228.25699852035, 1.71772000000001, 0.0045441701993879, 14.7529132394142, 2, 5.01970047022817, 7.04077883107022E-09, 
0, 21, 10, 15.7420027999999, 0.0136152052267361, 1239.05418764508, 1.7298773999999, 0.00580386259658579, 14.9625475192572, 2, 5.01924889196594, 7.04077883107022E-09, 
0, 21, 20, 15.8141104000002, 0.0141200884918949, 1250.43143560147, 1.72394659999991, 0.00691223667429873, 14.8601982933354, 2, 5.01924889196594, 7.04077883107022E-09, 
0, 21, 30, 15.8890468000001, 0.0226232037816909, 1262.31160010972, 1.72294299999994, 0.00484934082159033, 14.842780486776, 2, 5.01918184230995, 7.04077883107022E-09, 
0, 21, 50, 16.0225772, 0.0126018455832506, 1283.61569468236, 1.72653939999964, 0.00785224045995937, 14.9049997871568, 2, 5.01918174450289, 7.04077883107022E-09, 
0, 21, 100, 16.4041910000002, 0.0151639199531142, 1345.48856154478, 1.71940560000003, 0.00856941518658197, 14.7821452609405, 2, 5.01918174450289, 7.04077883107022E-09, 
0, 21, 200, 17.0687796000002, 0.0141527239430398, 1456.71718666489, 1.71868419999992, 0.00518526702858781, 14.7695113316175, 2, 5.01917405831849, 7.04077883107022E-09, 
0, 21, 500, 19.2880921999998, 0.0210219061493232, 1860.15471318117, 1.7401758, 0.00723254310471448, 15.141320622927, 2, 5.01914510873216, 7.04077883107022E-09, 
0, 21, 600, 20.0324894000003, 0.0189158942422093, 2006.5049468609, 1.74264439999988, 0.0092877897392758, 15.1844788394459, 2, 5.01914445550478, 7.04077883107022E-09, 
0, 21, 650, 20.4073686000002, 0.0172916402409984, 2082.30496088547, 1.73720740000008, 0.00978543038561596, 15.0899265263143, 2, 5.01914156899825, 7.04077883107022E-09, 
0, 21, 700, 20.7449303999998, 0.0122853569186188, 2151.76144115415, 1.74005919999981, 0.00429261670336136, 15.1391222303108, 2, 5.01914156899825, 7.04077883107022E-09, 
0, 21, 750, 21.1319267999997, 0.0136636464591569, 2232.79258487891, 1.73425979999993, 0.00464037823466276, 15.0383929350297, 2, 5.01914156899825, 7.04077883107022E-09, 
0, 21, 800, 21.4621721999996, 0.0264506718601127, 2303.12767590239, 1.7380086000001, 0.00491406473638517, 15.1034902085328, 2, 5.01914156899825, 7.04077883107022E-09, 
0, 25, 0, 15.6681950000002, 0.00906603170027384, 1227.46208375481, 1.72100200000023, 0.00348505133358433, 14.8093001479379, 2, 5.01970047022817, 7.04077883107022E-09, 
0, 25, 10, 15.7477536000002, 0.0109615548822639, 1239.95931801003, 1.72183759999934, 0.00924863398787309, 14.8240512900107, 2, 5.0191818334184, 7.04077883107022E-09, 
0, 25, 20, 15.8211439999999, 0.0170362834797891, 1251.54443851844, 1.71573340000032, 0.0040032678454656, 14.7187856301505, 2, 5.01917215609624, 7.04077883107022E-09, 
0, 25, 30, 15.8989612000001, 0.0164107480684123, 1263.88618275881, 1.72037520000013, 0.00676358151896288, 14.7986828740522, 2, 5.01917215609624, 7.04077883107022E-09, 
0, 25, 50, 16.0434492, 0.015921206828791, 1286.96257858904, 1.71695159999981, 0.0031409044945096, 14.7396633101148, 2, 5.01917215609624, 7.04077883107022E-09, 
0, 25, 100, 16.3968333999997, 0.0169771224343699, 1344.28216885017, 1.7102813999998, 0.00382631261660277, 14.6253855392676, 2, 5.01916127341633, 7.04077883107022E-09, 
0, 25, 200, 17.1370666000003, 0.0204848554462868, 1468.39735641073, 1.73496279999999, 0.00363845194577679, 15.0505457785819, 2, 5.01915449988945, 7.04077883107022E-09, 
0, 25, 500, 19.3714285999999, 0.0196109570056504, 1876.26315297263, 1.7321847999996, 0.00546416154228269, 15.002470192055, 2, 5.01914510873216, 7.04077883107022E-09, 
0, 25, 600, 20.0760168000001, 0.0105400531620213, 2015.23280823303, 1.73307559999994, 0.00381529357268593, 15.017827958901, 2, 5.01914290862845, 7.04077883107022E-09, 
0, 25, 650, 20.4661663999999, 0.0125552247714588, 2094.32062373078, 1.73365080000076, 0.00581913531062929, 15.0278947933952, 2, 5.01914156899825, 7.04077883107022E-09, 
0, 25, 700, 20.7968067999998, 0.0205502760109485, 2162.53797695182, 1.72669160000041, 0.00271744693446949, 14.9073563301491, 2, 5.01914156899825, 7.04077883107022E-09, 
0, 25, 750, 21.1671509999996, 0.0240615437829265, 2240.24430207338, 1.73281280000047, 0.0057853480581024, 15.013368350488, 2, 5.01914156899825, 7.04077883107022E-09, 
0, 25, 800, 21.5419900000001, 0.0211746835365491, 2320.28890763663, 1.73699059999963, 0.00399595018003025, 15.0857615605245, 2, 5.01914156899825, 7.04077883107022E-09, 
0, 23, 0, 15.672392, 0.00908865701818055, 1228.11976802676, 1.7205665999998, 0.00406455427341394, 14.8018297281816, 2, 5.01970047022817, 7.04077883107022E-09, 
0, 23, 10, 15.7461923999999, 0.0141745711825602, 1239.71388008142, 1.71797719999959, 0.00309867451664136, 14.7572763075109, 2, 5.0191818334184, 7.04077883107022E-09, 
0, 23, 20, 15.8282149999995, 0.0106098374174402, 1252.6625132743, 1.71498460000003, 0.00390565265232131, 14.7059371617994, 2, 5.01917215609624, 7.04077883107022E-09, 
0, 23, 30, 15.8843607999999, 0.00784888046498663, 1261.56489814749, 1.71732359999951, 0.00586083293087006, 14.7461734823896, 2, 5.01917215609624, 7.04077883107022E-09, 
0, 23, 50, 16.0435885999999, 0.00470792284172164, 1286.98378665293, 1.71888260000014, 0.00350432633136277, 14.7728483644314, 2, 5.01917215609624, 7.04077883107022E-09, 
0, 23, 100, 16.4150251999999, 0.0118159190477031, 1347.26595966288, 1.71334380000008, 0.00426315317087392, 14.6778257573683, 2, 5.01916127341633, 7.04077883107022E-09, 
0, 23, 200, 17.1344736000003, 0.0113542069161831, 1467.95157233561, 1.72686499999982, 0.00496447197574095, 14.9104368710318, 2, 5.01915449988945, 7.04077883107022E-09, 
0, 23, 500, 19.3494901999999, 0.00271128295716803, 1872.01389175473, 1.7330208000003, 0.00575141782204991, 15.0169708602033, 2, 5.01914510873216, 7.04077883107022E-09, 
0, 23, 600, 20.0850947999996, 0.0240500663311495, 2017.0580576533, 1.72602879999904, 0.00393000582144095, 14.8959543168594, 2, 5.01914290862845, 7.04077883107022E-09, 
0, 23, 650, 20.4624817999997, 0.00891206273422219, 2093.5662042009, 1.73148080000028, 0.00534465944271879, 14.9902716307709, 2, 5.01914156899825, 7.04077883107022E-09, 
0, 23, 700, 20.8134341999998, 0.0166716860748787, 2165.99660571418, 1.73148380000021, 0.00537395740230276, 14.9903251454066, 2, 5.01914156899825, 7.04077883107022E-09, 
0, 23, 750, 21.1609013999998, 0.00710992891284829, 2238.91899305801, 1.72962800000023, 0.00484201007811549, 14.958182317232, 2, 5.01914156899825, 7.04077883107022E-09, 
0, 23, 800, 21.5310793999997, 0.0151017425700018, 2317.93804095861, 1.7340282000001, 0.00452795257904529, 15.0343715037508, 2, 5.01914156899825, 7.04077883107022E-09, 
