0, 1, 0, 0.4855496, 0.0036245621307951, 1.178857757554, 1.7292836, 0.00403205489044728, 14.952190133478, 2, 5.65135252218806, 7.04077883107022E-09, 
0, 1, 10, 0.556881000000001, 0.000451836696233513, 1.55058326158701, 1.7223486, 0.00620891947449392, 14.832616253015, 2, 5.54525589881247, 7.04077883107022E-09, 
0, 1, 20, 0.624131000000001, 0.000678048375815384, 1.94769982455301, 1.7180078, 0.00790843879410597, 14.7580667213251, 2, 5.54525399659021, 7.04077883107022E-09, 
0, 1, 30, 0.695111799999998, 0.00255467049930172, 2.41593470420299, 1.705929, 0.00698754964200937, 14.5512128944551, 2, 5.54014826131503, 7.04077883107022E-09, 
0, 1, 50, 0.839055199999999, 0.00411222462422617, 3.52015269519199, 1.7070978, 0.00520861169220032, 14.571050142003, 2, 5.54014826131503, 7.04077883107022E-09, 
0, 1, 100, 1.2023784, 0.00162299409734827, 7.22858225448197, 1.70462579999999, 0.00769075544791697, 14.5290413287248, 2, 5.54014826131503, 7.04077883107022E-09, 
0, 1, 200, 1.9505422, 0.00185590327324709, 19.023091591789, 1.7126828, 0.00322601502784143, 14.666463902944, 2, 5.54013111861072, 7.04077883107022E-09, 
0, 1, 500, 4.166137, 0.00367003956423018, 86.7835548597969, 1.7152018, 0.00693349220524002, 14.709826440187, 2, 5.54012025524618, 7.04077883107022E-09, 
0, 1, 600, 4.90570140000001, 0.00749363662306505, 120.329811902759, 1.7191342, 0.00558485485578835, 14.7772679410669, 2, 5.54012025524618, 7.04077883107022E-09, 
0, 1, 650, 5.28132380000001, 0.00528657618523376, 139.462045141672, 1.72834419999999, 0.00266119479929228, 14.9359037781569, 2, 5.54011646281201, 7.04077883107022E-09, 
0, 1, 700, 5.64704060000001, 0.0063958351638868, 159.44554222378, 1.72441379999998, 0.00627068440917631, 14.8682113755666, 2, 5.54011646281201, 7.04077883107022E-09, 
0, 1, 750, 6.00714160000001, 0.00623378041346258, 180.428945312345, 1.71749079999998, 0.00452601371630131, 14.7489756644237, 2, 5.54011646281201, 7.04077883107022E-09, 
0, 1, 800, 6.37018979999999, 0.00553334030769154, 202.896743529394, 1.71741020000001, 0.00663370609539459, 14.7477090056031, 2, 5.54011646281201, 7.04077883107022E-09, 
0, 5, 0, 0.53187519999999, 0.000350754843108513, 1.41445675701995, 1.7678804, 0.00292512766208529, 15.62704832538, 2, 5.6151399043529, 7.04077883107022E-09, 
0, 5, 10, 0.626334199999997, 0.00354011126378823, 1.96153531238698, 1.76754500000001, 0.00409577055026669, 15.6211605118071, 2, 5.5732258292463, 7.04077883107022E-09, 
0, 5, 20, 0.701121199999989, 0.00114777077852947, 2.45786127233592, 1.76344939999998, 0.0035904245766426, 15.5488333875446, 2, 5.55169978914482, 7.04077883107022E-09, 
0, 5, 30, 0.774395200000004, 0.000372496120668214, 2.99844032268203, 1.75461420000001, 0.00392071061931133, 15.3934318140673, 2, 5.54761693584748, 7.04077883107022E-09, 
0, 5, 50, 0.924214399999983, 0.000983913532753946, 4.27086612626584, 1.729196, 0.00457970811297908, 14.950698900712, 2, 5.54041157671523, 7.04077883107022E-09, 
0, 5, 100, 1.3124274, 0.00108502158504512, 8.61233428771302, 1.7359882, 0.00586109834073993, 15.0684469150649, 2, 5.54041154773022, 7.04077883107022E-09, 
0, 5, 200, 2.07544719999999, 0.00117487725304383, 21.5374123016217, 1.7187232, 0.00359170719293578, 14.770111692894, 2, 5.54020756244431, 7.04077883107022E-09, 
0, 5, 500, 4.32182119999998, 0.00762922977524798, 93.390983449581, 1.7163638, 0.0028119126160403, 14.729563004015, 2, 5.54012025524618, 7.04077883107022E-09, 
0, 5, 600, 5.04220560000001, 0.00788995121899897, 127.119497820009, 1.71791780000003, 0.00552233919275397, 14.7563603189355, 2, 5.54012025524618, 7.04077883107022E-09, 
0, 5, 650, 5.42144920000003, 0.00582155001375929, 146.960726593128, 1.71703899999998, 0.00443424379122389, 14.7412129501946, 2, 5.54011646281201, 7.04077883107022E-09, 
0, 5, 700, 5.77101479999999, 0.00629501737497868, 166.523257245313, 1.71324040000002, 0.00507991655832276, 14.6760923687223, 2, 5.54011646281201, 7.04077883107022E-09, 
0, 5, 750, 6.149603, 0.011175022326679, 189.088709693665, 1.7168958, 0.00303229902225908, 14.738701914475, 2, 5.54011646281201, 7.04077883107022E-09, 
0, 5, 800, 6.50055960000002, 0.00395367771108223, 211.286453723599, 1.72001739999998, 0.00246268524983186, 14.7923296056067, 2, 5.54011646281201, 7.04077883107022E-09, 
0, 9, 0, 0.577101600000037, 0.000183455280210946, 1.66523145189221, 1.77603039999999, 0.00298794535432638, 15.7714645477078, 2, 5.6151399043529, 7.04077883107022E-09, 
0, 9, 10, 0.660410599999977, 0.000560049497821048, 2.18071237123885, 1.75096020000001, 0.00681469692356117, 15.3295403103912, 2, 5.55189271606319, 7.04077883107022E-09, 
0, 9, 20, 0.73246079999999, 0.00137376990793032, 2.68250355390192, 1.75626899999997, 0.00385645510800434, 15.4224783630346, 2, 5.54552015766036, 7.04077883107022E-09, 
0, 9, 30, 0.805004800000006, 0.00237495157002887, 3.24019184209005, 1.74186760000002, 0.00105578304601497, 15.1705192530384, 2, 5.54041224826477, 7.04077883107022E-09, 
0, 9, 50, 0.946714399999973, 0.0005256042618883, 4.48134215713575, 1.73255940000001, 0.0033514043981643, 15.0088665321992, 2, 5.54041154767201, 7.04077883107022E-09, 
0, 9, 100, 1.3270816, 0.00254435080912623, 8.80576023389796, 1.73074920000004, 0.00343768552369764, 14.9775230549126, 2, 5.54041154767201, 7.04077883107022E-09, 
0, 9, 200, 2.087156, 0.00139178719606229, 21.7811105270381, 1.72151040000001, 0.00447232801125135, 14.8180902951302, 2, 5.54020740958994, 7.04077883107022E-09, 
0, 9, 500, 4.32615939999998, 0.00658918333630097, 93.5784928577263, 1.73174180000001, 0.0066177184709447, 14.9948672803252, 2, 5.54012025524618, 7.04077883107022E-09, 
0, 9, 600, 5.05829180000001, 0.00812859578026796, 127.931910040083, 1.72857819999999, 0.0040843803642552, 14.9399963783909, 2, 5.54011934931854, 7.04077883107022E-09, 
0, 9, 650, 5.43782500000002, 0.00537031116440743, 147.849847854336, 1.73443400000006, 0.0056477763765359, 15.041465988671, 2, 5.54011646281201, 7.04077883107022E-09, 
0, 9, 700, 5.7860862, 0.0124321290756985, 167.394740358319, 1.73966500000001, 0.00342887812557989, 15.1322303471512, 2, 5.54011646281201, 7.04077883107022E-09, 
0, 9, 750, 6.16001420000002, 0.00675052523634017, 189.729102568964, 1.73608959999997, 0.00250846332239331, 15.0700669580814, 2, 5.54011646281201, 7.04077883107022E-09, 
0, 9, 800, 6.50675359999996, 0.00849058055951404, 211.689572505353, 1.73827239999991, 0.00692538748658488, 15.1081944879665, 2, 5.54011646281201, 7.04077883107022E-09, 
0, 13, 0, 0.632230600000003, 0.00042024354839498, 1.99857854090502, 1.78959640000003, 0.00513346345463556, 16.0134081367005, 2, 5.6151399043529, 7.04077883107022E-09, 
0, 13, 10, 0.704842400000007, 0.000147906186248793, 2.48401415357005, 1.76674299999995, 0.00289472216280973, 15.6069460373261, 2, 5.55188950380958, 7.04077883107022E-09, 
0, 13, 20, 0.782003599999962, 0.00199560402888107, 3.0576680642417, 1.74143140000006, 0.00740707382431329, 15.163190928244, 2, 5.54041030952696, 7.04077883107022E-09, 
0, 13, 30, 0.850284599999986, 0.000378985276933679, 3.61492022313488, 1.741165, 0.00370695610972846, 15.158346493743, 2, 5.54040709267351, 7.04077883107022E-09, 
0, 13, 50, 1.00160200000005, 0.00414767669907511, 5.01611884813048, 1.74290740000001, 0.00285507587273431, 15.1886717821652, 2, 5.54040708104086, 7.04077883107022E-09, 
0, 13, 100, 1.37194119999995, 0.002016186836638, 9.41113360633327, 1.74489939999994, 0.00400632922253812, 15.22344983397, 2, 5.54040705059987, 7.04077883107022E-09, 
0, 13, 200, 2.11455239999996, 0.00156585370974319, 22.3566715212171, 1.75071820000003, 0.00661090473072973, 15.3252895993635, 2, 5.54040689972057, 7.04077883107022E-09, 
0, 13, 500, 4.37187840000001, 0.00283361787132521, 95.5666438688846, 1.74063120000001, 0.00507936560614425, 15.1491138718421, 2, 5.54012103960878, 7.04077883107022E-09, 
0, 13, 600, 5.11816779999999, 0.00597183313202838, 130.978386458739, 1.74762859999992, 0.00426511123420776, 15.2711195735575, 2, 5.54011934931854, 7.04077883107022E-09, 
0, 13, 650, 5.47962560000005, 0.00570132035979386, 150.131646106149, 1.73884920000005, 0.0061963866373645, 15.1181746777409, 2, 5.54011646281201, 7.04077883107022E-09, 
0, 13, 700, 5.831034, 0.00652229968666942, 170.005000247746, 1.73175440000005, 0.00625871579806163, 14.9950623672148, 2, 5.54011646281201, 7.04077883107022E-09, 
0, 13, 750, 6.2135902, 0.0120413265615598, 193.044240835407, 1.72969879999991, 0.004954295687526, 14.9594124188345, 2, 5.54011646281201, 7.04077883107022E-09, 
0, 13, 800, 6.55882839999995, 0.00800594682974337, 215.091470379153, 1.73594080000003, 0.00772007521727401, 15.0677503033304, 2, 5.54011646281201, 7.04077883107022E-09, 
0, 17, 0, 0.686523200000011, 0.000248055961469484, 2.35657082835007, 1.792418, 0.00917639748486252, 16.064232464974, 2, 5.6151399043529, 7.04077883107022E-09, 
0, 17, 10, 0.761790999999994, 0.000474514488715161, 2.90162876422495, 1.75135640000003, 0.00486599020149632, 15.3363645884086, 2, 5.54041221922156, 7.04077883107022E-09, 
0, 17, 20, 0.83841639999996, 0.000332031685046608, 3.51471085016966, 1.73479699999998, 0.00301404280013598, 15.0476485783147, 2, 5.54041157677343, 7.04077883107022E-09, 
0, 17, 30, 0.908682399999998, 0.000801746244100463, 4.12852173433398, 1.73430619999999, 0.00322690113895643, 15.0391420412469, 2, 5.54041154773022, 7.04077883107022E-09, 
0, 17, 50, 1.069652, 0.00482429414526357, 5.72089337458996, 1.73648360000006, 0.00283695925959945, 15.0769167070351, 2, 5.54041154767201, 7.04077883107022E-09, 
0, 17, 100, 1.44103340000006, 0.00125733330520853, 10.3828942040139, 1.73802700000001, 0.00538141888357224, 15.1038340619912, 2, 5.54041154767201, 7.04077883107022E-09, 
0, 17, 200, 2.19852359999995, 0.00603706937513793, 24.167712329817, 1.72533320000002, 0.00425136859838759, 14.8839636257864, 2, 5.54020740958994, 7.04077883107022E-09, 
0, 17, 500, 4.43455359999998, 0.00347641134474343, 98.3263885835432, 1.72146479999997, 0.00209123594076022, 14.8172271545334, 2, 5.54012025524618, 7.04077883107022E-09, 
0, 17, 600, 5.17991539999998, 0.00321625599634488, 134.157669477298, 1.7298448, 0.00393507054064996, 14.961892584336, 2, 5.54011934931854, 7.04077883107022E-09, 
0, 17, 650, 5.54394919999995, 0.00643079445742927, 153.677070436487, 1.72250560000011, 0.00218987183185862, 14.8351516878519, 2, 5.54011646281201, 7.04077883107022E-09, 
0, 17, 700, 5.89699219999998, 0.00473110513197093, 173.872696951082, 1.72335779999994, 0.00116362131336487, 14.849817304176, 2, 5.54011646281201, 7.04077883107022E-09, 
0, 17, 750, 6.26851579999993, 0.00565426672101087, 196.471611527905, 1.71976800000002, 0.00388460999334469, 14.7880853200944, 2, 5.54011646281201, 7.04077883107022E-09, 
0, 17, 800, 6.63327539999991, 0.00912028825396054, 220.002128559509, 1.72336219999997, 0.00593811483200663, 14.8500626679825, 2, 5.54011646281201, 7.04077883107022E-09, 
0, 21, 0, 0.741537399999925, 0.000726336175582957, 2.74939121581444, 1.7076884000001, 0.00258994174442684, 14.5810318964657, 2, 5.54068366109849, 7.04077883107022E-09, 
0, 21, 10, 0.807779399999981, 0.000255471798529066, 3.26253812165085, 1.70793040000008, 0.00250766525672762, 14.5851626981473, 2, 5.54022563179503, 7.04077883107022E-09, 
0, 21, 20, 0.881330999999955, 0.00109945386440059, 3.8837277017986, 1.71176960000003, 0.00284105076342928, 14.6508161752684, 2, 5.54022563179503, 7.04077883107022E-09, 
0, 21, 30, 0.952412200000072, 0.00050847631190701, 4.53544628628568, 1.71726740000004, 0.00294442793083803, 14.7450799637936, 2, 5.54015858213903, 7.04077883107022E-09, 
0, 21, 50, 1.1002716, 0.000998934151967509, 6.05299295817996, 1.71158640000003, 0.00519319241320898, 14.6477748695626, 2, 5.54015848433197, 7.04077883107022E-09, 
0, 21, 100, 1.46184199999998, 0.00123590565974902, 10.6849178021337, 1.70632839999998, 0.00323344934105312, 14.5578353192057, 2, 5.54015848433197, 7.04077883107022E-09, 
0, 21, 200, 2.15542060000016, 0.00443043300804151, 23.2292879582085, 1.71005240000004, 0.00357425363391225, 14.6214599301747, 2, 5.54015016353728, 7.04077883107022E-09, 
0, 21, 500, 4.39444520000006, 0.00536687463631969, 96.5558870957348, 1.72777079999996, 0.00477617647910586, 14.9260737459713, 2, 5.54012025524618, 7.04077883107022E-09, 
0, 21, 600, 5.13628599999993, 0.00527612217452551, 131.907308556302, 1.72312960000008, 0.00173035113196728, 14.8458930625574, 2, 5.54011934931854, 7.04077883107022E-09, 
0, 21, 650, 5.50809259999996, 0.00658441640787337, 151.695637223569, 1.72745979999991, 0.00469861057769258, 14.9206971877854, 2, 5.54011646281201, 7.04077883107022E-09, 
0, 21, 700, 5.85616679999994, 0.00856953220199937, 171.473815131518, 1.7291878, 0.00362021647968966, 14.950517768181, 2, 5.54011646281201, 7.04077883107022E-09, 
0, 21, 750, 6.23047960000004, 0.00753020397042563, 194.094663749942, 1.73542820000011, 0.00133126276915138, 15.058564048081, 2, 5.54011646281201, 7.04077883107022E-09, 
0, 21, 800, 6.57967399999998, 0.0021983603887445, 216.460573895321, 1.72982520000005, 0.00267100822913948, 14.9615117842009, 2, 5.54011646281201, 7.04077883107022E-09, 
0, 25, 0, 0.748286600000119, 0.000216241161700027, 2.79966441249989, 1.71829399999997, 0.00571113533382319, 14.7628344375135, 2, 5.54068366109849, 7.04077883107022E-09, 
0, 25, 10, 0.821267200000057, 0.000558379584103367, 3.37240062791846, 1.71592540000001, 0.00188350084684799, 14.7220176297033, 2, 5.54015857324748, 7.04077883107022E-09, 
0, 25, 20, 0.893201799999952, 0.00114115141848849, 3.98905378874857, 1.72357679999977, 0.0034739528149308, 14.8536452692281, 2, 5.54014826131503, 7.04077883107022E-09, 
0, 25, 30, 0.964450999999917, 0.00260495120872196, 4.6508625858582, 1.7159529999999, 0.00666008573517441, 14.7226952747533, 2, 5.54014826131503, 7.04077883107022E-09, 
0, 25, 50, 1.11593560000001, 0.000438953574091231, 6.22656228013813, 1.70997619999998, 0.00543862388474501, 14.6202409159807, 2, 5.54014826131503, 7.04077883107022E-09, 
0, 25, 100, 1.48819179999991, 0.00192144647585658, 11.0735926277177, 1.70262380000004, 0.00609771640545074, 14.4948249323596, 2, 5.54013719231824, 7.04077883107022E-09, 
0, 25, 200, 2.2115952000001, 0.000516487908058852, 24.4557679771162, 1.72675980000004, 0.00147274402410121, 14.9085078793556, 2, 5.54013033424812, 7.04077883107022E-09, 
0, 25, 500, 4.44400699999987, 0.0054207073709603, 98.7461380005814, 1.73033640000003, 0.00328993839430771, 14.9703744042986, 2, 5.54012025524618, 7.04077883107022E-09, 
0, 25, 600, 5.18420980000001, 0.00188461926130484, 134.380174011029, 1.72412540000005, 0.00770702462963961, 14.8633389657698, 2, 5.54011780244221, 7.04077883107022E-09, 
0, 25, 650, 5.55638439999993, 0.00664310287774562, 154.367258656892, 1.72604899999997, 0.00336078586051422, 14.8962822264124, 2, 5.54011646281201, 7.04077883107022E-09, 
0, 25, 700, 5.90972320000001, 0.00804245314339736, 174.624464908354, 1.72509099999988, 0.00126138891664836, 14.879702746913, 2, 5.54011646281201, 7.04077883107022E-09, 
0, 25, 750, 6.27896039999996, 0.00581963849736817, 197.126887864799, 1.71904780000004, 0.0024830970497925, 14.7756575222798, 2, 5.54011646281201, 7.04077883107022E-09, 
0, 25, 800, 6.63786680000003, 0.00554893753445119, 220.306532226252, 1.72613779999992, 0.00596123126197738, 14.8979362043337, 2, 5.54011646281201, 7.04077883107022E-09, 
0, 23, 0, 0.747968600000058, 0.000303662048833077, 2.79728559398344, 1.70467559999997, 0.00087635166484071, 14.5295983461375, 2, 5.54068366109849, 7.04077883107022E-09, 
0, 23, 10, 0.823812399999952, 0.00396834825095511, 3.39341309090761, 1.70912660000004, 0.00307565730220478, 14.6056159724776, 2, 5.54015857324748, 7.04077883107022E-09, 
0, 23, 20, 0.894475600000078, 0.00341921438930308, 4.0004914501127, 1.70657039999996, 0.00218655936113409, 14.5619365559894, 2, 5.54014826131503, 7.04077883107022E-09, 
0, 23, 30, 0.963144200000079, 0.000509032572648575, 4.63823504553976, 1.70704380000006, 0.00338114781687278, 14.5700498363961, 2, 5.54014826131503, 7.04077883107022E-09, 
0, 23, 50, 1.1160914, 0.00100415867272406, 6.22830510744305, 1.70175739999995, 0.00289842975428173, 14.4799332467482, 2, 5.54014826131503, 7.04077883107022E-09, 
0, 23, 100, 1.48666239999993, 0.000462976716258534, 11.050826529605, 1.70066300000017, 0.00243774305446048, 14.4613029108039, 2, 5.54013719231824, 7.04077883107022E-09, 
0, 23, 200, 2.21413459999994, 0.0015760489335831, 24.5119725542357, 1.71067919999996, 0.00290952610584451, 14.6321589532733, 2, 5.54013033424812, 7.04077883107022E-09, 
0, 23, 500, 4.44695420000007, 0.00205634144933376, 98.8770294271922, 1.72755660000021, 0.00324589060816998, 14.9223117100506, 2, 5.54012025524618, 7.04077883107022E-09, 
0, 23, 600, 5.18413339999997, 0.00717591010495939, 134.376453013406, 1.71404360000015, 0.00367117090867285, 14.6897947009866, 2, 5.54011780244221, 7.04077883107022E-09, 
0, 23, 650, 5.56547439999986, 0.00578514382186687, 154.872693824714, 1.7169695999999, 0.00397254692094445, 14.7400019422643, 2, 5.54011646281201, 7.04077883107022E-09, 
0, 23, 700, 5.91648140000007, 0.0112759545688415, 175.024396518491, 1.71809860000003, 0.00452706927714554, 14.7594164683915, 2, 5.54011646281201, 7.04077883107022E-09, 
0, 23, 750, 6.28439560000015, 0.0100944602749624, 197.468649777148, 1.7148369999999, 0.00297552886048022, 14.7033739517032, 2, 5.54011646281201, 7.04077883107022E-09, 
0, 23, 800, 6.64768080000003, 0.00919819950647394, 220.958723127816, 1.71491020000012, 0.00244004650764045, 14.7046147394571, 2, 5.54011646281201, 7.04077883107022E-09, 
