0, 0, 0, 5.6066098, 0.0296075632998865, 157.174750286303, 1.7063402, 0.00171818432070119, 14.5579991514669, 2, 5.29510657188653, 5.99419267499661E-09, 
0, 10, 0, 6.1473038, 0.00608872332723018, 188.946905410231, 1.6887336, 0.0158634470730732, 14.26036410361, 2, 5.13131751632625, 5.99419267499661E-09, 
0, 10, 10, 6.56800379999999, 0.00248103304379707, 215.693400361696, 1.7008188, 0.0173563590928554, 14.4654291681719, 2, 5.13131721363677, 5.99419267499661E-09, 
0, 10, 50, 8.28922980000001, 0.00529833639462658, 343.556793747884, 1.7130886, 0.015416691689212, 14.6745511291631, 2, 4.80270537821309, 5.99419267499661E-09, 
0, 10, 100, 10.3591954, 0.00694981926866014, 536.564888176844, 1.70817659999999, 0.0133952276516666, 14.5902336445568, 2, 4.80270533110217, 5.99419267499661E-09, 
0, 10, 200, 14.4407096, 0.00907552673120999, 1042.67088058359, 1.70829359999999, 0.0122085982258595, 14.5920803683578, 2, 4.80270526774235, 5.99419267499661E-09, 
0, 10, 300, 18.450313, 0.0193185988204288, 1702.07211503115, 1.704681, 0.0131963725318781, 14.5305572800451, 2, 4.80270292762567, 5.99419267499661E-09, 
0, 10, 500, 26.683513, 0.0206340617213447, 3560.05145892836, 1.71360340000001, 0.0149085990837286, 14.6832943940912, 2, 4.8027027268689, 5.99419267499661E-09, 
0, 10, 600, 30.7164116, 0.0189491785017796, 4717.4915032599, 1.71108299999996, 0.0128973798424642, 14.6398568764784, 2, 4.8027027268689, 5.99419267499661E-09, 
0, 10, 700, 34.8177284, 0.0165467668323245, 6061.37242365829, 1.7100766, 0.0133768295586362, 14.622704587183, 2, 4.8027027268689, 5.99419267499661E-09, 
0, 10, 800, 38.911903, 0.0228462681126538, 7570.68358516688, 1.71316560000005, 0.0140279758283109, 14.6756657856468, 2, 4.8027027268689, 5.99419267499661E-09, 
0, 10, 900, 42.9379892, 0.0411487203517274, 9218.36304878253, 1.71082539999998, 0.0137601455602544, 14.6355644544546, 2, 4.8027027268689, 5.99419267499661E-09, 
0, 10, 1000, 47.0656134, 0.0403065438523161, 11075.8679466787, 1.71261139999997, 0.0125626641538089, 14.6659781397025, 2, 4.8027027268689, 5.99419267499661E-09, 
0, 20, 0, 6.85359439999993, 0.0046757501042941, 234.858890311747, 1.69618679999999, 0.0141905284243302, 14.3862551579558, 2, 5.13131751632625, 5.99419267499661E-09, 
0, 20, 10, 7.27065240000002, 0.0100949239240458, 264.312441145575, 1.69457640000001, 0.013793775401907, 14.3588972183841, 2, 5.13131728947305, 5.99419267499661E-09, 
0, 20, 50, 8.96380680000007, 0.019103759644515, 401.7509865068, 1.70840479999997, 0.0118975146547333, 14.5939425575895, 2, 4.80270540416181, 5.99419267499661E-09, 
0, 20, 100, 11.0089690000001, 0.0132686752168412, 605.987872503528, 1.70584480000007, 0.0136594527767313, 14.5504653116872, 2, 4.80270540182634, 5.99419267499661E-09, 
0, 20, 200, 15.1227054000001, 0.0103753140957135, 1143.48163131167, 1.7104358, 0.0123563328928348, 14.6287165244211, 2, 4.80270526983079, 5.99419267499661E-09, 
0, 20, 300, 19.1806934000001, 0.0174699745933433, 1839.49652252409, 1.71358959999998, 0.0134935280871466, 14.6828569626416, 2, 4.80270521800878, 5.99419267499661E-09, 
0, 20, 500, 27.3830982, 0.0171048028017722, 3749.17179802562, 1.71287639999991, 0.0141213384153656, 14.6707248693765, 2, 4.8027027268689, 5.99419267499661E-09, 
0, 20, 600, 31.4363901999999, 0.0125553051949363, 4941.2339322117, 1.70743239999983, 0.0155895469670968, 14.5778421727192, 2, 4.8027027268689, 5.99419267499661E-09, 
0, 20, 700, 35.499296, 0.0377109868990542, 6301.00719307073, 1.71201579999997, 0.0114124920747577, 14.6556417221245, 2, 4.8027027268689, 5.99419267499661E-09, 
0, 20, 800, 39.5951567999999, 0.0134973438318569, 7838.88312097436, 1.7155867999998, 0.0114909171329633, 14.7168505475506, 2, 4.8027027268689, 5.99419267499661E-09, 
0, 20, 900, 43.6304991999999, 0.00911991908835507, 9518.1027180706, 1.71279279999999, 0.014355136382631, 14.6693262283618, 2, 4.8027027268689, 5.99419267499661E-09, 
0, 20, 1000, 47.7255131999999, 0.0162218280561091, 11388.6243667554, 1.70934680000009, 0.0163176443570475, 14.6106637409396, 2, 4.8027027268689, 5.99419267499661E-09, 
0, 40, 0, 8.16459000000004, 0.0138525307871458, 333.30360880355, 1.69574039999998, 0.0145542302112488, 14.3787366490456, 2, 5.13131751632625, 5.99419267499661E-09, 
0, 40, 10, 8.58473020000001, 0.0116089900575393, 368.488636877212, 1.69775380000001, 0.0150840519675608, 14.4129774701912, 2, 5.13131728472839, 5.99419267499661E-09, 
0, 40, 50, 10.2372882000001, 0.0095305508641453, 524.010802606301, 1.70937099999992, 0.0137349550125952, 14.6106893231496, 2, 4.80270547440495, 5.99419267499661E-09, 
0, 40, 100, 12.2941098000001, 0.0109040764390252, 755.726273366709, 1.71381120000015, 0.0167373060961181, 14.6871448333065, 2, 4.80270535183404, 5.99419267499661E-09, 
0, 40, 200, 16.3803134000001, 0.0104111989790418, 1341.57387737643, 1.72686719999992, 0.0137733618757156, 14.9113001596647, 2, 4.80270522036432, 5.99419267499661E-09, 
0, 40, 300, 20.4199974, 0.0103153882082222, 2084.88200111621, 1.72348520000005, 0.0131669417163776, 14.8528730148669, 2, 4.80270505179288, 5.99419267499661E-09, 
0, 40, 500, 28.6722802, 0.0153490923888297, 4110.49943730975, 1.70942719999994, 0.0136165609519009, 14.6116338141589, 2, 4.8027027268689, 5.99419267499661E-09, 
0, 40, 600, 32.7931744000001, 0.0171409168603972, 5376.96290519927, 1.71790339999989, 0.0149490292474961, 14.7570778260331, 2, 4.8027027268689, 5.99419267499661E-09, 
0, 40, 700, 36.9568514, 0.0476488246532597, 6829.05567906088, 1.72426760000017, 0.011746850141368, 14.8661837244929, 2, 4.8027027268689, 5.99419267499661E-09, 
0, 40, 800, 41.0100558000002, 0.0386862728785014, 8409.13086673419, 1.71121759999987, 0.0128737257948282, 14.6421570368258, 2, 4.8027027268689, 5.99419267499661E-09, 
0, 40, 900, 45.1029768000002, 0.0428815009928553, 10171.4017752224, 1.71838880000014, 0.0150752388026267, 14.7654366539544, 2, 4.8027027268689, 5.99419267499661E-09, 
0, 40, 1000, 49.1880846000002, 0.0268638200603297, 12097.341941408, 1.722811, 0.0138597779203411, 14.841349175825, 2, 4.8027027268689, 5.99419267499661E-09, 
0, 60, 0, 8.39307480000007, 0.00243135940119772, 352.218552549524, 1.69848980000006, 0.0140123166022557, 14.425319728604, 2, 5.13131751632625, 5.99419267499661E-09, 
0, 60, 10, 8.79825459999993, 0.00994707202354223, 387.046914753309, 1.69981139999982, 0.0132762724525508, 14.4476752748979, 2, 5.13131728832603, 5.99419267499661E-09, 
0, 60, 50, 10.4407220000001, 0.00375931801992112, 545.04345006879, 1.71334459999998, 0.0141876448025594, 14.6787550380707, 2, 4.80270540138302, 5.99419267499661E-09, 
0, 60, 100, 12.529939, 0.0104763364776037, 784.997405486737, 1.71373759999988, 0.0134757454503047, 14.6853907868439, 2, 4.80270530731678, 5.99419267499661E-09, 
0, 60, 200, 16.5911042, 0.0219883531660636, 1376.32611031466, 1.72840120000019, 0.00969216938350674, 14.9373232315473, 2, 4.80270522036432, 5.99419267499661E-09, 
0, 60, 300, 20.7457866000001, 0.0116458994738178, 2151.93898639858, 1.7260252, 0.0138468649646586, 14.896773633522, 2, 4.8027027268689, 5.99419267499661E-09, 
0, 60, 500, 29.0080784, 0.0269976553362472, 4207.34670666969, 1.72854979999993, 0.016447847462503, 14.9407747138297, 2, 4.8027027268689, 5.99419267499661E-09, 
0, 60, 600, 33.0964735999998, 0.0204439342992242, 5476.88491354967, 1.72285979999997, 0.0107245106442021, 14.8418045279225, 2, 4.8027027268689, 5.99419267499661E-09, 
0, 60, 700, 37.2239055999999, 0.0380051848310473, 6928.10296255887, 1.71913280000008, 0.0146218588066547, 14.7781569139554, 2, 4.8027027268689, 5.99419267499661E-09, 
0, 60, 800, 41.3320109999999, 0.0350197957901964, 8541.68179845104, 1.72562539999999, 0.0130849620191396, 14.8897711867808, 2, 4.8027027268689, 5.99419267499661E-09, 
0, 60, 900, 45.5306722000001, 0.0312175934859626, 10365.21542761, 1.72781279999999, 0.0152728092822138, 14.9278516527359, 2, 4.8027027268689, 5.99419267499661E-09, 
0, 60, 1000, 49.6912882000001, 0.0376994100729752, 12346.1277211049, 1.71932559999987, 0.0119781815744935, 14.7811199782436, 2, 4.8027027268689, 5.99419267499661E-09, 
0, 80, 0, 8.39070459999984, 0.00776346588948634, 352.019919779306, 1.70121900000013, 0.0140698819754872, 14.4717202377012, 2, 5.13131751632625, 5.99419267499661E-09, 
0, 80, 10, 8.79426239999993, 0.0116501195470413, 386.69593442669, 1.70170940000007, 0.0192613680261467, 14.4809294117342, 2, 5.13131728832603, 5.99419267499661E-09, 
0, 80, 50, 10.4404086, 0.00819732369960187, 545.010994655354, 1.72123580000025, 0.0162935004145297, 14.8145907867913, 2, 4.80270540138302, 5.99419267499661E-09, 
0, 80, 100, 12.5242787999996, 0.00855482379513709, 784.288163225647, 1.71958200000008, 0.0176542979585391, 14.7863696448035, 2, 4.80270530731678, 5.99419267499661E-09, 
0, 80, 200, 16.5922871999999, 0.014098356604347, 1376.5209664547, 1.7228664000002, 0.0142106630751369, 14.8423528759735, 2, 4.80270522036432, 5.99419267499661E-09, 
0, 80, 300, 20.7347917999999, 0.0170184624860347, 2149.65940308705, 1.72223059999997, 0.0140730763460319, 14.8313814552704, 2, 4.8027027268689, 5.99419267499661E-09, 
0, 80, 500, 29.0184836, 0.0272327376070908, 4210.36566032734, 1.72147580000037, 0.0150044378023578, 14.8185203157034, 2, 4.8027027268689, 5.99419267499661E-09, 
0, 80, 600, 33.0972385999999, 0.0209259262683489, 5477.13820419858, 1.72291740000001, 0.015282093712789, 14.8433895480551, 2, 4.8027027268689, 5.99419267499661E-09, 
0, 80, 700, 37.2663818000003, 0.0199184280684677, 6943.91804603584, 1.73131360000007, 0.0164169691307119, 14.9885814921032, 2, 4.8027027268689, 5.99419267499661E-09, 
0, 80, 800, 41.3525483999998, 0.0253174146662267, 8550.16950072906, 1.72393860000011, 0.013087552125429, 14.8606779029549, 2, 4.8027027268689, 5.99419267499661E-09, 
0, 80, 900, 45.5148304000002, 0.0393955785054801, 10358.0066917619, 1.72439180000038, 0.0150520806724858, 14.8687682252055, 2, 4.8027027268689, 5.99419267499661E-09, 
0, 80, 1000, 49.704909, 0.0322895157294216, 12352.8951065556, 1.73119339999976, 0.0112116144174135, 14.9857814425028, 2, 4.8027027268689, 5.99419267499661E-09, 
0, 100, 0, 8.3914639999999, 0.0060649836594883, 352.083524236606, 1.70650319999986, 0.018991663090795, 14.5625692743836, 2, 5.13131751632625, 5.99419267499661E-09, 
0, 100, 10, 8.7961803999995, 0.0142039769717622, 386.864956911486, 1.70393160000021, 0.0132871459932603, 14.5177972286397, 2, 5.13131728832603, 5.99419267499661E-09, 
0, 100, 50, 10.4401288000001, 0.0126011644763086, 544.982240749688, 1.72288339999977, 0.0135264132356057, 14.842550869249, 2, 4.80270540138302, 5.99419267499661E-09, 
0, 100, 100, 12.5219072, 0.00844135480764794, 783.991155909413, 1.72234059999973, 0.0135269336447219, 14.8332006017064, 2, 4.80270530731678, 5.99419267499661E-09, 
0, 100, 200, 16.6031397999996, 0.00499043330845331, 1378.32138061377, 1.7246022000003, 0.0153013032572956, 14.8724343906362, 2, 4.80270522036432, 5.99419267499661E-09, 
0, 100, 300, 20.7430959999998, 0.016642581806173, 2151.38154320368, 1.72396340000014, 0.0129985951025492, 14.8610938400734, 2, 4.8027027268689, 5.99419267499661E-09, 
0, 100, 500, 29.0102251999997, 0.0135984207379951, 4207.96675535872, 1.7357979999997, 0.0145585403252919, 15.0660332394969, 2, 4.8027027268689, 5.99419267499661E-09, 
0, 100, 600, 33.096458, 0.0227387786883718, 5476.8802459891, 1.72277700000013, 0.0156546325281039, 14.8410282962452, 2, 4.8027027268689, 5.99419267499661E-09, 
0, 100, 700, 37.2694776, 0.0113836427445345, 6945.07045082113, 1.7205203999998, 0.0126390453848401, 14.8017509614186, 2, 4.8027027268689, 5.99419267499661E-09, 
0, 100, 800, 41.3603470000002, 0.0177774556773694, 8553.39309999177, 1.72770259999961, 0.0124221427394924, 14.9255529183783, 2, 4.8027027268689, 5.99419267499661E-09, 
0, 100, 900, 45.5098000000005, 0.0292761264393292, 10355.7137656581, 1.72537020000018, 0.013109635622912, 14.8853709479741, 2, 4.8027027268689, 5.99419267499661E-09, 
0, 100, 1000, 49.6976824000005, 0.026687988845945, 12349.3017409003, 1.72227740000053, 0.0143634459321192, 14.8322287556582, 2, 4.8027027268689, 5.99419267499661E-09, 
0, 150, 0, 8.39629599999971, 0.0103390060836703, 352.48946707329, 1.69717419999979, 0.0141032112991333, 14.4029958285694, 2, 5.13131751632625, 5.99419267499661E-09, 
0, 150, 10, 8.79697099999976, 0.00593043168736743, 386.933669724284, 1.69809819999973, 0.0162003344084766, 14.4189997383864, 2, 5.13131728832603, 5.99419267499661E-09, 
0, 150, 50, 10.4465278000003, 0.0140776077149102, 545.650706276094, 1.71769539999987, 0.0129288969150145, 14.7532232177807, 2, 4.80270540138302, 5.99419267499661E-09, 
0, 150, 100, 12.5295610000001, 0.0165862170617269, 784.9508697766, 1.71467439999942, 0.0142487861739669, 14.701556629604, 2, 4.80270530731678, 5.99419267499661E-09, 
0, 150, 200, 16.5927648000001, 0.010529234247114, 1376.59977286448, 1.71864119999991, 0.0135106231888542, 14.7695505563804, 2, 4.80270522036432, 5.99419267499661E-09, 
0, 150, 300, 20.7311698000005, 0.0197702898981613, 2148.90896070408, 1.72715279999975, 0.0126931166445067, 14.9160895487856, 2, 4.8027027268689, 5.99419267499661E-09, 
0, 150, 500, 28.9941058, 0.0237890666174586, 4203.29368530643, 1.7233137999996, 0.0121897997916219, 14.84979522244, 2, 4.8027027268689, 5.99419267499661E-09, 
0, 150, 600, 33.086578, 0.0355746686454987, 5473.61454653567, 1.71916359999996, 0.0132103472863195, 14.7784899842012, 2, 4.8027027268689, 5.99419267499661E-09, 
0, 150, 700, 37.2645891999997, 0.0167822543489589, 6943.24944944397, 1.72464860000036, 0.0160431220353378, 14.8733508762393, 2, 4.8027027268689, 5.99419267499661E-09, 
0, 150, 800, 41.3452308000004, 0.0231099452665215, 8547.14321987434, 1.72902419999991, 0.0140904686416725, 14.9486161274594, 2, 4.8027027268689, 5.99419267499661E-09, 
0, 150, 900, 45.5190705999998, 0.0279037036603104, 10359.9328345222, 1.72220339999985, 0.0162231568150612, 14.8312387089405, 2, 4.8027027268689, 5.99419267499661E-09, 
0, 150, 1000, 49.6864009999997, 0.0436510232173317, 12343.701748723, 1.72430840000015, 0.0147860239504243, 14.8672904240768, 2, 4.8027027268689, 5.99419267499661E-09, 
