0, 1, 0, 0.671174600000003, 0.00484970595397038, 2.25249431666502, 2.39204, 0.00436317476145425, 28.60937199447, 2, 46.8245063478016, 1.17290495357274E-10, 
0, 1, 10, 0.754409400000003, 0.000657839068329515, 2.84566987780302, 2.031546, 0.00977384577324444, 20.6363733908861, 2, 43.2371097115924, 1.17290495357274E-10, 
0, 1, 20, 0.831472800000003, 0.000160001750006753, 3.45673521370203, 2.02761760000001, 0.00861708513597419, 20.5565369299301, 2, 43.237098697227, 1.17290495357274E-10, 
0, 1, 30, 0.905396400000001, 0.000774604053751571, 4.09871620572201, 2.03149519999999, 0.00583514439922352, 20.6350339826659, 2, 43.2370475690325, 1.17290495357274E-10, 
0, 1, 50, 1.04574719999999, 0.000443816808880682, 5.46793701640594, 2.0329442, 0.012967419533563, 20.6651513714151, 2, 43.2370038460814, 1.17290495357274E-10, 
0, 1, 100, 1.4187244, 0.000681232295532349, 10.063896936164, 2.26284000000001, 0.00728840402293433, 25.6024899321661, 2, 43.211426379117, 1.17290495357274E-10, 
0, 1, 200, 2.2003314, 0.00151341833001643, 24.2073028013051, 2.2712536, 0.00523624596821116, 25.793101668924, 2, 43.211426379117, 1.17290495357274E-10, 
0, 1, 500, 4.4906504, 0.00551502383001729, 100.82985715254, 38.5096776, 0.214502101145857, 7415.20640003669, 2, 13.2543154914643, 1.17290495357274E-10, 
0, 1, 600, 5.23962939999999, 0.010958022496979, 137.269181638006, 38.4038142, 0.239203014286706, 7374.55081595082, 2, 13.2543154914643, 1.17290495357274E-10, 
0, 1, 650, 5.61438100000005, 0.00359320937232505, 157.606434621576, 38.4387102, 0.215069209486663, 7387.90348302227, 2, 13.2543154914643, 1.17290495357274E-10, 
0, 1, 700, 5.97612519999993, 0.0115368964700641, 178.571027530272, 38.385581, 0.216618386741615, 7367.49876116516, 2, 13.2543154914643, 1.17290495357274E-10, 
0, 1, 750, 6.37765499999987, 0.0099088398315641, 203.372907420651, 38.4191158000001, 0.224811233635385, 7380.39499472291, 2, 13.2543154914643, 1.17290495357274E-10, 
0, 1, 800, 6.73916760000002, 0.00452965007964371, 227.082002293099, 38.5088412, 0.213817790731968, 7414.88284307226, 2, 13.2543154914643, 1.17290495357274E-10, 
0, 1, 5000, 38.0965578000001, 0.0481660994296083, 7256.75018090942, 38.5628488000001, 0.231595511226766, 7435.73472026245, 2, 13.2543154914643, 1.17290495357274E-10, 
0, 5, 0, 0.721295200000077, 0.000662223950017789, 2.60133602041855, 77.0395374, 0.301030230129457, 29675.9047100272, 2, 22.8858236027581, 1.17290495357274E-10, 
0, 5, 10, 0.808948200000214, 0.000312734648006914, 3.27198644043273, 76.8903939999998, 0.306487591623236, 29561.1331205951, 2, 22.8857903263057, 1.17290495357274E-10, 
0, 5, 20, 0.879856199999995, 0.00148151427926249, 3.87074563781495, 76.8210082, 0.355021782141724, 29507.9667066513, 2, 22.8857900455639, 1.17290495357274E-10, 
0, 5, 30, 0.959832199999983, 0.00135035393880742, 4.60639837806283, 76.8133262000003, 0.318832408474746, 29501.9436800617, 2, 22.8857888470549, 1.17290495357274E-10, 
0, 5, 50, 1.10118600000005, 0.00102172520804042, 6.06305825259258, 76.6348076000002, 0.325779269416257, 29364.9993401072, 2, 22.8857888319062, 1.17290495357274E-10, 
0, 5, 100, 1.48930580000015, 0.00231020322937079, 11.0901855147652, 77.1187672, 0.370702731831073, 29737.2083748159, 2, 22.8857888319062, 1.17290495357274E-10, 
0, 5, 200, 2.25691880000031, 0.00262069177109726, 25.468446689101, 76.9965279999997, 0.333858524832651, 29642.8839278467, 2, 22.8857886924474, 1.17290495357274E-10, 
0, 5, 500, 4.61331559999999, 0.00426991871577164, 106.413495287045, 76.9914156000003, 0.356854661584073, 29639.0271067073, 2, 22.885788477469, 1.17290495357274E-10, 
0, 5, 600, 5.37245359999979, 0.00916274525647998, 144.316708200257, 77.2901179999997, 0.382290635718207, 29869.5424329202, 2, 22.8854745070454, 1.17290495357274E-10, 
0, 5, 650, 5.72572660000005, 0.00513807608300463, 163.91985748887, 76.8155792000001, 0.311161089420496, 29503.6501452753, 2, 22.8854647164984, 1.17290495357274E-10, 
0, 5, 700, 6.09829380000046, 0.00634056557075004, 185.946137369479, 76.8061230000003, 0.299222657831726, 29496.3503224507, 2, 22.8854647164984, 1.17290495357274E-10, 
0, 5, 750, 6.47060699999965, 0.0103722951548264, 209.344312664757, 38.3909190000002, 0.23420120337242, 7369.58755934119, 2, 13.2543156141739, 1.17290495357274E-10, 
0, 5, 800, 6.84146660000079, 0.00915607120082363, 234.028745362831, 38.495736, 0.225354804247177, 7409.86237484748, 2, 13.2543155348947, 1.17290495357274E-10, 
0, 5, 5000, 38.1691800000001, 0.0730575972903553, 7284.45819642463, 38.3993677999995, 0.233820295657735, 7372.83059685151, 2, 13.2543154914643, 1.17290495357274E-10, 
0, 9, 0, 0.78478099999993, 0.00046206796050857, 3.07940715733845, 77.3828689999995, 0.342731333316268, 29941.1293971896, 2, 22.8858236027581, 1.17290495357274E-10, 
0, 9, 10, 0.870906800000012, 0.0003778541519526, 3.7923939853001, 77.2695154000005, 0.375800786774888, 29853.5961819112, 2, 22.8857891692791, 1.17290495357274E-10, 
0, 9, 20, 0.957818000000043, 0.000640341471641995, 4.58707865580641, 77.2362648000002, 0.323943097671013, 29827.7276969314, 2, 22.8857888567091, 1.17290495357274E-10, 
0, 9, 30, 1.02955099999963, 0.000675709701174432, 5.29987859091918, 77.233900199999, 0.363129381827609, 29826.0360152567, 2, 22.8857888381458, 1.17290495357274E-10, 
0, 9, 50, 1.17872660000066, 0.000704259213180852, 6.94698446765082, 77.1280799999993, 0.340853541418272, 29744.284528115, 2, 22.8857888319062, 1.17290495357274E-10, 
0, 9, 100, 1.55242379999981, 0.000507926531090406, 12.0500995639761, 76.9796003999996, 0.403674894766769, 29630.1091558214, 2, 22.8857888319062, 1.17290495357274E-10, 
0, 9, 200, 2.35478619999922, 0.00317465169153017, 27.7251406306006, 77.3679069999998, 0.379142651140272, 29929.6839135527, 2, 22.8857886853589, 1.17290495357274E-10, 
0, 9, 500, 4.65932260000045, 0.0117312774163108, 108.547123568724, 77.0937861999999, 0.230402320889862, 29717.5247794038, 2, 22.8857886556852, 1.17290495357274E-10, 
0, 9, 600, 5.43289459999942, 0.00960540142896911, 147.582179992197, 76.9219074000008, 0.322441546534117, 29585.4190330261, 2, 22.8857886471614, 1.17290495357274E-10, 
0, 9, 650, 5.80956239999941, 0.00555843987462174, 168.755230878704, 76.6665580000001, 0.268550930432094, 29389.1661758481, 2, 22.8857855066656, 1.17290495357274E-10, 
0, 9, 700, 6.1929913999993, 0.00911961680394142, 191.76612823938, 76.951814, 0.361908305778296, 29608.5632775619, 2, 22.8854647603806, 1.17290495357274E-10, 
0, 9, 750, 6.56254859999899, 0.00802492324286061, 215.335542633709, 38.4882489999996, 0.236830273543882, 7407.0069983222, 2, 13.2543155352746, 1.17290495357274E-10, 
0, 9, 800, 6.93180960000027, 0.00814762769469591, 240.250253572465, 38.5346877999997, 0.227717205114587, 7424.87009484474, 2, 13.2543155352746, 1.17290495357274E-10, 
0, 9, 5000, 38.2560595999996, 0.0340155677648826, 7317.63626588785, 38.5072637999991, 0.228396007353895, 7414.30765049446, 2, 13.2543154914643, 1.17290495357274E-10, 
0, 13, 0, 0.841125200000533, 0.0032598614942887, 3.5375111438645, 77.178708799999, 0.366071386756574, 29783.4355014762, 2, 22.8858228280659, 1.17290495357274E-10, 
0, 13, 10, 0.912379000001238, 0.000796150991562764, 4.1621803674983, 77.2700919999996, 0.296271337875131, 29853.7744719702, 2, 22.8857893972931, 1.17290495357274E-10, 
0, 13, 20, 0.979292400000122, 0.000295399119352076, 4.7950684597932, 77.0075882000005, 0.361032683009711, 29651.4949248953, 2, 22.8857890921552, 1.17290495357274E-10, 
0, 13, 30, 1.05335300000006, 0.000449856865406914, 5.54776372490164, 77.0664119999994, 0.369858843351483, 29696.8432705883, 2, 22.8857888513055, 1.17290495357274E-10, 
0, 13, 50, 1.194174200001, 0.00297883483162562, 7.13030446702489, 77.3436156000011, 0.356384565465075, 29910.8094201962, 2, 22.8857888323901, 1.17290495357274E-10, 
0, 13, 100, 1.56821920000075, 0.00336968647767054, 12.2966140701897, 77.0531650000004, 0.330772047354189, 29686.498233323, 2, 22.8857888319062, 1.17290495357274E-10, 
0, 13, 200, 2.36499680000124, 0.00183002834843955, 27.9660660650994, 77.2177619999988, 0.391395385841684, 29813.6797931826, 2, 22.8857886853589, 1.17290495357274E-10, 
0, 13, 500, 4.66924319999962, 0.00892590646185297, 109.009558662744, 77.0864633999983, 0.326167557606743, 29712.1461239746, 2, 22.8857886556852, 1.17290495357274E-10, 
0, 13, 600, 5.44941520000066, 0.00356985727424922, 148.480693829396, 76.9495995999998, 0.254656558646041, 29606.5286428157, 2, 22.8857886471614, 1.17290495357274E-10, 
0, 13, 650, 5.82490879999968, 0.00624807293106529, 169.648007833646, 77.0925631999999, 0.312957858989888, 29716.8062168374, 2, 22.8857855066656, 1.17290495357274E-10, 
0, 13, 700, 6.20524959999966, 0.00489742012146463, 192.525732915099, 76.7911439999989, 0.310501785453366, 29484.8810409367, 2, 22.8854647603806, 1.17290495357274E-10, 
0, 13, 750, 6.5833415999994, 0.00807736899216832, 216.702259330863, 38.6546824000012, 0.230304100724184, 7471.18755711886, 2, 13.2543155352746, 1.17290495357274E-10, 
0, 13, 800, 6.951296800001, 0.0146340218720182, 241.603706781502, 38.5246983999976, 0.230860086433993, 7421.02841595142, 2, 13.2543155352746, 1.17290495357274E-10, 
0, 13, 5000, 38.2528229999996, 0.0608362706903769, 7316.41084260566, 38.6139465999979, 0.212642283844157, 7455.41044384183, 2, 13.2543154914643, 1.17290495357274E-10, 
0, 17, 0, 0.89234759999963, 0.000724319432048399, 3.9814238193187, 77.3328335999977, 0.454557334109852, 29902.8688748746, 2, 22.8858062777342, 1.17290495357274E-10, 
0, 17, 10, 0.963689999998314, 0.000896326282601904, 4.64349609748778, 77.2770610000021, 0.38561329290591, 29859.4642720486, 2, 22.8857898916369, 1.17290495357274E-10, 
0, 17, 20, 1.03961980000022, 0.00236085377992541, 5.40407451091532, 77.0085161999989, 0.355829912749945, 29652.1909112615, 2, 22.8857898852785, 1.17290495357274E-10, 
0, 17, 30, 1.11859219999897, 0.00193829423970599, 6.25626133441543, 77.150720599998, 0.275271321934865, 29761.5473169982, 2, 22.8857898813204, 1.17290495357274E-10, 
0, 17, 50, 1.27684840000147, 0.00171504292657506, 8.1517238897928, 78.1627280000001, 1.86624093528111, 30564.4745181526, 2, 22.8857898813204, 1.17290495357274E-10, 
0, 17, 100, 1.65154359999869, 0.00185777658639012, 13.6379985701525, 77.3050671999998, 0.391301677629522, 29881.132658997, 2, 22.8857897495929, 1.17290495357274E-10, 
0, 17, 200, 2.40600360000099, 0.00157275867261551, 28.9442789839377, 77.0571492000003, 0.363021160892825, 29689.6801359718, 2, 22.8857897380027, 1.17290495357274E-10, 
0, 17, 500, 4.66767899999832, 0.00721551713851923, 108.936396553564, 77.1723137999987, 0.36550653649179, 29778.4980613684, 2, 22.885788471328, 1.17290495357274E-10, 
0, 17, 600, 5.421314599998, 0.00731448227949384, 146.953527469013, 38.4814703999989, 0.209210504899624, 7404.33666590678, 2, 13.2543154914643, 1.17290495357274E-10, 
0, 17, 650, 5.78219960000133, 0.00608126475750124, 167.169345980183, 38.7218953999996, 0.209421420028895, 7497.1452034984, 2, 13.2543154914643, 1.17290495357274E-10, 
0, 17, 700, 6.15886840000167, 0.00195464212641743, 189.658318945825, 38.6209617999993, 0.217482241951387, 7458.12994441287, 2, 13.2543154914643, 1.17290495357274E-10, 
0, 17, 750, 6.54131680000137, 0.00726947889239823, 213.944391616518, 38.5939559999999, 0.214511933416469, 7447.69727549753, 2, 13.2543154914643, 1.17290495357274E-10, 
0, 17, 800, 6.91623519999994, 0.015800186093414, 239.172794937994, 38.4680395999982, 0.219620019222665, 7399.19151809935, 2, 13.2543154914643, 1.17290495357274E-10, 
0, 17, 5000, 38.2724867999976, 0.0442271457268634, 7323.92600948203, 38.4979098000011, 0.237592045559252, 7410.72754474566, 2, 13.2543154914643, 1.17290495357274E-10, 
0, 21, 0, 0.933462000000873, 0.000729782981887061, 4.35675919014415, 77.0464085999993, 0.402663708824951, 29681.5560811022, 2, 22.8858062777342, 1.17290495357274E-10, 
0, 21, 10, 1.01530199999979, 0.000172808565275711, 5.15419090533189, 77.4011836000005, 0.382310593262695, 29955.4469203535, 2, 22.8857900538783, 1.17290495357274E-10, 
0, 21, 20, 1.09441739999893, 0.000507269790015903, 5.98874851371528, 77.2379648000002, 0.351359678067163, 29829.1333003472, 2, 22.8857899843626, 1.17290495357274E-10, 
0, 21, 30, 1.17979159999959, 0.00333188478833282, 6.95959660442917, 77.2225074000002, 0.378911488803286, 29817.2961152971, 2, 22.8857899843626, 1.17290495357274E-10, 
0, 21, 50, 1.32570940000005, 0.00347392029867215, 8.78758740685368, 77.0389220000012, 0.410103427476961, 29675.8184387175, 2, 22.8857899843626, 1.17290495357274E-10, 
0, 21, 100, 1.71086000000068, 0.0027138576981217, 14.6352465231297, 77.2303509999998, 0.358475612447715, 29823.2781017394, 2, 22.8857899843626, 1.17290495357274E-10, 
0, 21, 200, 2.46777060000022, 0.00161119888259303, 30.4494716509365, 76.8883386000016, 0.360685915144478, 29559.7335349894, 2, 22.8857887793629, 1.17290495357274E-10, 
0, 21, 500, 4.77327880000084, 0.00970900201454974, 113.921423836288, 38.6440979999999, 0.214690936732636, 7467.06201215957, 2, 13.2543154927253, 1.17290495357274E-10, 
0, 21, 600, 5.51712539999862, 0.004097960693782, 152.193447362959, 38.5126395999992, 0.212344620235891, 7416.34249598586, 2, 13.2543154914643, 1.17290495357274E-10, 
0, 21, 650, 5.89956760000205, 0.01068638733258, 174.025060329341, 38.5638462000003, 0.223273051212205, 7436.10042296336, 2, 13.2543154914643, 1.17290495357274E-10, 
0, 21, 700, 6.26409540000022, 0.0017692181996855, 196.194471552185, 38.5021727999978, 0.228341280337294, 7412.34725030598, 2, 13.2543154914643, 1.17290495357274E-10, 
0, 21, 750, 6.64692400000058, 0.0128678692584752, 220.908821219215, 38.5977444000004, 0.233634127890268, 7449.20228836738, 2, 13.2543154914643, 1.17290495357274E-10, 
0, 21, 800, 7.02228480000194, 0.00662054941688682, 246.562638220065, 38.5299740000002, 0.213245643918577, 7423.02185072672, 2, 13.2543154914643, 1.17290495357274E-10, 
0, 21, 5000, 38.3708416000009, 0.0372586985390516, 7361.61436651487, 38.5375, 0.22934016479148, 7425.95751580593, 2, 13.2543154914643, 1.17290495357274E-10, 
0, 25, 0, 0.958618199998455, 0.00425270875515778, 4.59483469450017, 76.9426212000006, 0.371071985239158, 29601.523257725, 2, 22.8858062777342, 1.17290495357274E-10, 
0, 25, 10, 1.02869479999936, 0.000553870164396741, 5.29106649158938, 77.1850129999977, 0.347275932551169, 29788.2341619157, 2, 22.8857900888286, 1.17290495357274E-10, 
0, 25, 20, 1.10388579999999, 0.000936797607441855, 6.09282368515687, 77.1837308000017, 0.369081823781521, 29787.3226079988, 2, 22.8857899843626, 1.17290495357274E-10, 
0, 25, 30, 1.18440720000071, 0.000819912777669542, 7.01410543835248, 77.3748401999983, 0.42148335755307, 29935.2177209798, 2, 22.8857899843626, 1.17290495357274E-10, 
0, 25, 50, 1.32855200000049, 0.00102473469801987, 8.82525733393253, 77.2264348000012, 0.36545274577984, 29820.2789381411, 2, 22.8857899843626, 1.17290495357274E-10, 
0, 25, 100, 1.71730559999996, 0.00141380134338958, 14.7457026131274, 77.3916780000014, 0.359651300816898, 29948.0058635704, 2, 22.8857899843626, 1.17290495357274E-10, 
0, 25, 200, 2.48372040000104, 0.00228297293868969, 30.8443611867338, 77.1156014000007, 0.411221822985574, 29734.9254133575, 2, 22.8857887793629, 1.17290495357274E-10, 
0, 25, 500, 4.78131599999906, 0.0054140426312621, 114.305060018523, 38.7293026000028, 0.214771866982313, 7500.02503418717, 2, 13.2543154927253, 1.17290495357274E-10, 
0, 25, 600, 5.52541720000008, 0.00793977489441926, 152.651491370411, 38.6371257999999, 0.219712160580884, 7464.37881759263, 2, 13.2543154914643, 1.17290495357274E-10, 
0, 25, 650, 5.90294480000011, 0.00819282281879968, 174.224122170971, 38.4974348000018, 0.24968558518264, 7410.57414535919, 2, 13.2543154914643, 1.17290495357274E-10, 
0, 25, 700, 6.27600600000151, 0.0077983479268052, 196.941560631427, 38.4399539999984, 0.22417353222025, 7388.4015864727, 2, 13.2543154914643, 1.17290495357274E-10, 
0, 25, 750, 6.64864220000018, 0.00780181236322222, 221.022519859497, 38.4526419999995, 0.223222294727224, 7393.27752486493, 2, 13.2543154914643, 1.17290495357274E-10, 
0, 25, 800, 7.01810759999935, 0.00836032802073591, 246.269520901266, 38.5795695999972, 0.219921881970879, 7442.15778077599, 2, 13.2543154914643, 1.17290495357274E-10, 
0, 25, 5000, 38.4031559999989, 0.0235733651544591, 7374.01473231896, 38.4403784000009, 0.22250019981521, 7388.56098937087, 2, 13.2543154914643, 1.17290495357274E-10, 
0, 23, 0, 0.957921999999962, 0.00185587887469412, 4.58809001185163, 77.2721410000013, 0.297564881407157, 29855.3615979136, 2, 22.8858062777342, 1.17290495357274E-10, 
0, 23, 10, 1.02946460000094, 0.000656585288421959, 5.29898896879666, 77.2121877999991, 0.387304946473153, 29809.3597499195, 2, 22.8857900888286, 1.17290495357274E-10, 
0, 23, 20, 1.10408779999998, 0.000518134499900346, 6.09505069286077, 77.1812854000018, 0.362511667213666, 29785.411153527, 2, 22.8857899843626, 1.17290495357274E-10, 
0, 23, 30, 1.18461300000054, 0.00137587833845834, 7.01654926405736, 77.3661753999986, 0.404488909253018, 29928.4435365053, 2, 22.8857899843626, 1.17290495357274E-10, 
0, 23, 50, 1.32904419999832, 0.000790060100067116, 8.83179554872062, 77.1572816, 0.349626936666097, 29766.8417144827, 2, 22.8857899843626, 1.17290495357274E-10, 
0, 23, 100, 1.7170369999978, 0.00126095709878451, 14.7410882468712, 77.2307511999985, 0.339248891941385, 29823.5201036337, 2, 22.8857899843626, 1.17290495357274E-10, 
0, 23, 200, 2.48579499999905, 0.00299533090263482, 30.8959287701375, 77.2229699999996, 0.342113023828347, 29817.5206847096, 2, 22.8857887793629, 1.17290495357274E-10, 
0, 23, 500, 4.7769610000003, 0.00603782503901687, 114.096964254275, 38.6714573999998, 0.239699269827658, 7477.69536589977, 2, 13.2543154927253, 1.17290495357274E-10, 
0, 23, 600, 5.53387539999821, 0.00943413577521006, 153.119329728116, 38.4704804000037, 0.21340426053675, 7400.11701792743, 2, 13.2543154914643, 1.17290495357274E-10, 
0, 23, 650, 5.9046079999971, 0.0087753278653017, 174.322363200044, 38.637841600005, 0.208986077345198, 7464.63239343802, 2, 13.2543154914643, 1.17290495357274E-10, 
0, 23, 700, 6.27586340000271, 0.00761580865141886, 196.932597080175, 38.4820464000048, 0.234084733834618, 7404.61345397367, 2, 13.2543154914643, 1.17290495357274E-10, 
0, 23, 750, 6.65486399999936, 0.00426292073073129, 221.436165154903, 38.5633305999945, 0.209609102523428, 7435.87201470167, 2, 13.2543154914643, 1.17290495357274E-10, 
0, 23, 800, 7.03092939999478, 0.00944983203152353, 247.170287635182, 38.5971397999994, 0.230028079237711, 7448.96056828969, 2, 13.2543154914643, 1.17290495357274E-10, 
0, 23, 5000, 38.4105706000002, 0.0723684721451843, 7376.88585506681, 38.732550399992, 0.223557712203063, 7501.30219269304, 2, 13.2543154914643, 1.17290495357274E-10, 
09075999999, 0.0210416056604361, 7110.56497382449, 1.72336860000014, 0.00571887879221789, 14.8501601852054, 2, 5.29510657188653, 5.99419267499661E-09, 
