0, 1.65, 0.15, 3.3691662, 0.0550672573872928, 56.7715664302929, 1382, 2.6689298, 0.0468756852511027, 35.626918035979, 1382, 69, 1.42857142857143, 1.57142857142857, 5.47142857142857, 
0, 1.96, 0.1, 3.4460916, 0.00969484928409556, 59.3782065284659, 1382, 2.717288, 0.00772719457494745, 36.9185689224001, 1382, 209, 1.51428571428571, 1.49047619047619, 5.09523809523809, 
0, 4.0, 0.0, 3.5467582, 0.00665457365725538, 62.8976900630891, 1382, 2.5756238, 0.00335326899604764, 33.1692460176971, 1382, 25000, 1.53229734431172, 1.47790792067726, 5.13452394758205, 
40, 1.65, 0.15, 2.622257, 0.00662183563662939, 34.381378113781, 6, 1.895642, 0.00318581248669245, 17.9673437078261, 6, 509, 0.356862745098039, 0.280392156862745, 8.01176470588235, 
40, 1.96, 0.1, 2.73080519999999, 0.00184953176769713, 37.2865023055738, 6, 1.90290819999999, 0.00332116217011023, 18.1053532387268, 6, 1439, 0.330555555555556, 0.280555555555556, 8.10625, 
40, 4.0, 0.0, 7.5755732, 0.0171919075776485, 286.948024351222, 6, 1.7355174, 0.00292075624444127, 15.060145882599, 6, 25000, 0.31328, 0.26636, 8.18672, 
39, 1.65, 0.15, 2.64545940000002, 0.00257195805561396, 34.9923102600834, 12, 1.9230104, 0.00342680157585375, 18.4899037073861, 12, 499, 0.31, 0.282, 8.306, 
39, 1.96, 0.1, 2.77312340000001, 0.00499269028066833, 38.4511915929192, 12, 1.92059200000001, 0.00403384124632971, 18.4434495116962, 12, 1609, 0.32360248447205, 0.264596273291925, 8.22298136645963, 
39, 4.0, 0.0, 7.65814819999999, 0.02423029193699, 293.239104801053, 12, 1.76486679999999, 0.00512025664981448, 15.5739051938519, 12, 25000, 0.30992, 0.2754, 8.17692, 
38, 1.65, 0.15, 2.65505800000001, 0.00439284122171149, 35.2467614020902, 7, 1.93009640000001, 0.00825917256384738, 18.6267016361223, 7, 509, 0.313725490196078, 0.245098039215686, 8.35098039215686, 
38, 1.96, 0.1, 2.77491539999999, 0.00475255268678833, 38.5008903195706, 7, 1.92333979999999, 0.00484790938030286, 18.4962974424467, 7, 1579, 0.30379746835443, 0.262025316455696, 8.20949367088608, 
38, 4.0, 0.0, 7.65817960000001, 0.0192484616381148, 293.240426445658, 7, 1.75819939999999, 0.00348070921510824, 15.4563862274848, 7, 25000, 0.31548, 0.27236, 8.1742, 
37, 1.65, 0.15, 2.6495814, 0.00306513488114492, 35.101454951389, 6, 1.9309078, 0.00495670601904792, 18.642147505177, 6, 459, 0.330434782608696, 0.282608695652174, 8.13478260869565, 
37, 1.96, 0.1, 2.7762592, 0.00326433352444266, 38.5381290072901, 6, 1.93372000000001, 0.0038893788192834, 18.6964408283381, 6, 1529, 0.322222222222222, 0.276470588235294, 8.0843137254902, 
37, 4.0, 0.0, 7.6021758, 0.0113095913170796, 288.966024004807, 6, 1.76160900000003, 0.00627767877490764, 15.5165283906596, 6, 25000, 0.31704, 0.27012, 8.1514, 
36, 1.65, 0.15, 2.64163699999999, 0.00381179385596221, 34.8913028477068, 4, 1.92160799999999, 0.0060149564919063, 18.4630674268278, 4, 479, 0.302083333333333, 0.26875, 8.18958333333333, 
36, 1.96, 0.1, 2.74534739999997, 0.00296638383206023, 37.6847057305981, 4, 1.92321099999999, 0.00163235645613902, 18.4937160755428, 4, 1409, 0.314184397163121, 0.287943262411348, 8.15106382978723, 
36, 4.0, 0.0, 7.5101422, 0.0239283693920601, 282.014042155413, 4, 1.75134880000003, 0.00181921284088189, 15.3361296439845, 4, 25000, 0.31844, 0.26932, 8.1712, 
35, 1.65, 0.15, 2.68282260000003, 0.00857842336566673, 35.9880534620918, 5, 1.9565186, 0.00468194381009603, 19.1399347637191, 5, 539, 0.281481481481481, 0.281481481481481, 8.35925925925926, 
35, 1.96, 0.1, 2.81507980000001, 0.00726483148867726, 39.6236352907233, 5, 1.96256759999997, 0.00609773471388515, 19.2585438346913, 5, 1659, 0.298192771084337, 0.283132530120482, 8.3078313253012, 
35, 4.0, 0.0, 7.68706679999998, 0.0177829979179407, 295.456561113384, 5, 1.78732220000004, 0.00587443472679092, 15.9727757779817, 5, 25000, 0.30964, 0.27184, 8.3302, 
34, 1.65, 0.15, 2.65116379999997, 0.00420582502728071, 35.1434359169723, 5, 1.9197576, 0.00357468021495893, 18.427410105482, 5, 579, 0.36551724137931, 0.232758620689655, 8.07758620689655, 
34, 1.96, 0.1, 2.79261879999997, 0.0051993237020091, 38.9937339754011, 5, 1.91767259999999, 0.00369453036797562, 18.3874092517268, 5, 1829, 0.330601092896175, 0.248633879781421, 8.16939890710383, 
34, 4.0, 0.0, 7.60918140000001, 0.00835602567263783, 289.498557006356, 5, 1.75744079999997, 0.00671672102737374, 15.4432163992295, 5, 25000, 0.31864, 0.27, 8.15172, 
33, 1.65, 0.15, 2.63282820000002, 0.00590769116975166, 34.6590961576514, 3, 1.91159119999998, 0.00383202554267505, 18.2709780016855, 3, 489, 0.326530612244898, 0.26530612244898, 8.29387755102041, 
33, 1.96, 0.1, 2.76692659999999, 0.00286652302254917, 38.2794551337087, 3, 1.91285739999998, 0.00289274586513118, 18.2951590035667, 3, 1649, 0.321818181818182, 0.265454545454545, 8.1369696969697, 
33, 4.0, 0.0, 7.53624339999997, 0.0173152699154447, 283.976322013076, 3, 1.73667639999999, 0.00213701161441376, 15.0802474256778, 3, 25000, 0.31452, 0.27072, 8.1718, 
32, 1.65, 0.15, 2.64583659999998, 0.00292577556229918, 35.0022993703106, 5, 1.921568, 0.00628937427734069, 18.462315674264, 5, 529, 0.326415094339623, 0.254716981132075, 8.22075471698113, 
32, 1.96, 0.1, 2.77226819999996, 0.00516129989050709, 38.427488058738, 5, 1.92237520000003, 0.0079729877561395, 18.4779498905446, 5, 1619, 0.32037037037037, 0.259876543209877, 8.14259259259259, 
32, 4.0, 0.0, 7.60336799999996, 0.0273249022615349, 289.059757968535, 5, 1.75730319999998, 0.00401538772217351, 15.4406533003436, 5, 25000, 0.31164, 0.27144, 8.17332, 
31, 1.65, 0.15, 2.66956240000004, 0.004063327040751, 35.6328995906031, 7, 1.93997960000002, 0.00502025607300911, 18.8177302569363, 7, 539, 0.344444444444444, 0.253703703703704, 8.18703703703704, 
31, 1.96, 0.1, 2.80734819999998, 0.00404601242697088, 39.4061014312984, 7, 1.94805420000007, 0.0033238417773482, 18.9746310703104, 7, 1659, 0.31566265060241, 0.26144578313253, 8.15542168674699, 
31, 4.0, 0.0, 7.70614580000001, 0.0215621207528588, 296.925740079546, 7, 1.7695416, 0.00605528898076023, 15.656570703276, 7, 25000, 0.31584, 0.26344, 8.1732, 
30, 1.65, 0.15, 2.65475039999997, 0.00400666602541479, 35.2385786983631, 1, 1.92338740000005, 0.00626626618020078, 18.4972917828539, 1, 569, 0.296491228070175, 0.252631578947368, 8.47719298245614, 
30, 1.96, 0.1, 2.78544999999995, 0.00163906107300987, 38.7936719451045, 1, 1.924314, 0.00291260968893708, 18.5149642694561, 1, 1669, 0.290419161676647, 0.25748502994012, 8.25808383233533, 
30, 4.0, 0.0, 7.61641140000002, 0.0157091531611183, 290.049846957716, 1, 1.7553594, 0.00292088915232403, 15.406475773809, 1, 25000, 0.31192, 0.26696, 8.17204, 
29, 1.65, 0.15, 2.64907240000002, 0.0015978458753498, 35.0879356677666, 4, 1.927585, 0.00297033513256185, 18.577963775579, 4, 509, 0.298039215686275, 0.256862745098039, 8.25294117647059, 
29, 1.96, 0.1, 2.77514060000003, 0.00605824385784928, 38.5072102604359, 4, 1.92518540000001, 0.00579118615134423, 18.5318618110512, 4, 1579, 0.305063291139241, 0.265189873417722, 8.21708860759494, 
29, 4.0, 0.0, 7.5594454, 0.017341454467159, 285.727577408121, 4, 1.76081500000009, 0.00229162536197456, 15.5023735788606, 4, 25000, 0.31404, 0.27144, 8.15848, 
28, 1.65, 0.15, 2.64213379999997, 0.0091178287196077, 34.9047707595141, 5, 1.92244160000005, 0.00371718520388065, 18.4789776143829, 5, 439, 0.318181818181818, 0.261363636363636, 8.2, 
28, 1.96, 0.1, 2.76649979999997, 0.0103214427363239, 38.2681383779003, 5, 1.92847719999995, 0.00270834336062763, 18.5951582302171, 5, 1489, 0.325503355704698, 0.259060402684564, 8.18993288590604, 
28, 4.0, 0.0, 7.61678479999987, 0.0122354826536276, 290.077801982724, 5, 1.76393940000007, 0.00182815213824197, 15.5574277450643, 5, 25000, 0.314, 0.2668, 8.17168, 
27, 1.65, 0.15, 2.64491660000008, 0.00394021210596559, 34.9779967311371, 4, 1.91320179999998, 0.00230047789842841, 18.3017320986086, 4, 579, 0.294827586206897, 0.258620689655172, 8.18448275862069, 
27, 1.96, 0.1, 2.7750458, 0.00577689450820171, 38.5045628230389, 4, 1.91185340000002, 0.00331405942007894, 18.2759720304073, 4, 1719, 0.294186046511628, 0.259883720930233, 8.21627906976744, 
27, 4.0, 0.0, 7.57703259999998, 0.0180314739672988, 287.05874077758, 4, 1.75269979999998, 0.00252250101297846, 15.3598147596567, 4, 25000, 0.30988, 0.2686, 8.19376, 
26, 1.65, 0.15, 2.66042280000001, 0.00351623471355172, 35.3893091933324, 4, 1.92599219999997, 0.00333420721593496, 18.5472853569925, 4, 589, 0.31864406779661, 0.250847457627119, 8.11186440677966, 
26, 1.96, 0.1, 2.79528680000003, 0.00171954266043434, 39.0681562554069, 4, 1.92765619999996, 0.00230753750991333, 18.5793187506381, 4, 1749, 0.322285714285714, 0.254285714285714, 8.13942857142857, 
26, 4.0, 0.0, 7.54635359999997, 0.0168938487930036, 284.738690291798, 4, 1.76541260000004, 0.00498137638012637, 15.5835323117476, 4, 25000, 0.30776, 0.276, 8.16396, 
25, 1.65, 0.15, 2.64348959999998, 0.00400990406871475, 34.9402667231933, 6, 1.91642779999997, 0.00311634512857517, 18.3635261210985, 6, 549, 0.372727272727273, 0.247272727272727, 8.06727272727273, 
25, 1.96, 0.1, 2.77197499999997, 0.00356202723176121, 38.4192904433143, 6, 1.91580800000002, 0.00448344019700926, 18.3517019705003, 6, 1669, 0.354491017964072, 0.250898203592814, 8.01736526946108, 
25, 4.0, 0.0, 7.57947399999998, 0.0163548422557867, 287.243467987705, 6, 1.74996319999996, 0.00497178263397376, 15.3119795998832, 6, 25000, 0.31696, 0.26976, 8.14388, 
24, 1.65, 0.15, 2.67181140000002, 0.0104646467422995, 35.6934283300076, 3, 1.94563200000002, 0.00588789751949148, 18.9275927338065, 3, 559, 0.298214285714286, 0.253571428571429, 8.22142857142857, 
24, 1.96, 0.1, 2.81647020000009, 0.00708819597355854, 39.6627731500537, 3, 1.94236220000003, 0.0041829466837854, 18.8639420651595, 3, 1749, 0.305714285714286, 0.246285714285714, 8.22571428571429, 
24, 4.0, 0.0, 7.6866004, 0.0111730195849127, 295.419752728234, 3, 1.77584120000001, 0.00609074620719023, 15.7682453240342, 3, 25000, 0.31896, 0.26672, 8.17296, 
23, 1.65, 0.15, 2.64905280000007, 0.0043602239116574, 35.0874987437039, 4, 1.93259159999993, 0.00351408016981617, 18.6746132057487, 4, 429, 0.313953488372093, 0.304651162790698, 8.06976744186047, 
23, 1.96, 0.1, 2.77399119999995, 0.00506316779898882, 38.4752640667268, 4, 1.92922859999999, 0.00737687981738832, 18.6098870470688, 4, 1519, 0.329605263157895, 0.281578947368421, 8.21052631578947, 
23, 4.0, 0.0, 7.63283100000008, 0.0178904554662255, 291.302145714795, 4, 1.76595159999997, 0.00812379656567021, 15.5932552480655, 4, 25000, 0.31556, 0.26312, 8.17372, 
22, 1.65, 0.15, 2.66779699999997, 0.00686155122398247, 35.5859395704703, 3, 1.93998339999998, 0.00787967274961729, 18.8179884075907, 3, 519, 0.309615384615385, 0.253846153846154, 8.15384615384615, 
22, 1.96, 0.1, 2.7895222000001, 0.00368242699311025, 38.9072383228098, 3, 1.9454107999999, 0.00388400135958522, 18.9231913311141, 3, 1569, 0.289808917197452, 0.255414012738854, 8.25859872611465, 
22, 4.0, 0.0, 7.64279159999996, 0.0275058381772748, 292.065100060819, 3, 1.77202680000009, 0.00475371738323139, 15.7005078887377, 3, 25000, 0.31436, 0.26996, 8.18204, 
21, 1.65, 0.15, 2.63766920000007, 0.00428442866202339, 34.7865858247899, 3, 1.91238559999993, 0.00536628573979583, 18.2862374005486, 3, 519, 0.263461538461538, 0.307692307692308, 8.19807692307692, 
21, 1.96, 0.1, 2.75572839999995, 0.00457655882083127, 37.9702997972847, 3, 1.91399700000011, 0.00474767092382236, 18.3170352819431, 3, 1529, 0.299346405228758, 0.271895424836601, 8.23006535947712, 
21, 4.0, 0.0, 7.57545139999993, 0.00968028672291857, 286.93778810856, 3, 1.75034279999991, 0.0019989481635996, 15.3185195665264, 3, 25000, 0.3146, 0.26376, 8.16196, 
20, 1.65, 0.15, 2.67266759999993, 0.00622373092602173, 35.7159541745802, 4, 1.94589379999998, 0.00522834212365924, 18.9326500821985, 4, 499, 0.284, 0.282, 7.96, 
20, 1.96, 0.1, 2.78224819999996, 0.00269947864602543, 38.7045616679398, 4, 1.94766080000009, 0.00422690777750732, 18.9670022930317, 4, 1489, 0.316107382550336, 0.277181208053691, 8.1255033557047, 
20, 4.0, 0.0, 7.6967200000001, 0.0181100618774118, 296.199133663713, 4, 1.78626319999994, 0.00403770922177635, 15.9537626138489, 4, 25000, 0.31836, 0.27076, 8.1824, 
19, 1.65, 0.15, 2.65855859999992, 0.00316783791301313, 35.339719324153, 4, 1.9273025999998, 0.00227874672577535, 18.5725025232632, 4, 569, 0.305263157894737, 0.259649122807018, 8.27017543859649, 
19, 1.96, 0.1, 2.78975600000012, 0.00446870710602937, 38.9137925443995, 4, 1.93954459999986, 0.00626279920159412, 18.8093623902123, 4, 1639, 0.311585365853659, 0.272560975609756, 8.13292682926829, 
19, 4.0, 0.0, 7.63134439999994, 0.00661400957354451, 291.187305482666, 4, 1.76436119999998, 0.00256337280940248, 15.5648850747277, 4, 25000, 0.3228, 0.27444, 8.16468, 
18, 1.65, 0.15, 2.65779640000001, 0.00616383671444115, 35.3195984836802, 2, 1.93332419999997, 0.00589291657499578, 18.6888859438564, 2, 489, 0.336734693877551, 0.26734693877551, 8.23673469387755, 
18, 1.96, 0.1, 2.79085840000007, 0.00559328799924721, 38.944609468608, 2, 1.94203939999998, 0.00284410622857226, 18.8576256004625, 2, 1579, 0.334177215189873, 0.275949367088608, 8.08607594936709, 
18, 4.0, 0.0, 7.65225879999989, 0.0102077581749735, 292.785844702514, 2, 1.76841039999981, 0.00335385853018174, 15.6364329559727, 2, 25000, 0.31932, 0.26256, 8.1924, 
17, 1.65, 0.15, 2.65163440000006, 0.00428234489983726, 35.1559166487075, 8, 1.92432639999988, 0.00138401916165539, 18.5151700462277, 8, 499, 0.276, 0.302, 8.104, 
17, 1.96, 0.1, 2.77308299999995, 0.00402489840883802, 38.4500276234797, 8, 1.92797079999982, 0.00367297630815472, 18.5854244820345, 8, 1549, 0.304516129032258, 0.278064516129032, 8.14709677419355, 
17, 4.0, 0.0, 7.70650719999985, 0.0273102438174842, 296.954995365335, 8, 1.76187, 0.00312693651999209, 15.52097837316, 8, 25000, 0.31336, 0.26756, 8.1844, 
16, 1.65, 0.15, 2.66004580000008, 0.00435118325981388, 35.3793129544691, 1, 1.94895139999999, 0.00491222713644131, 18.9921784476868, 1, 409, 0.353658536585366, 0.3, 8.01463414634146, 
16, 1.96, 0.1, 2.77173599999996, 0.00593210714666991, 38.412778217955, 1, 1.94644799999987, 0.00649788307061966, 18.9435101959395, 1, 1369, 0.318978102189781, 0.292700729927007, 8.12554744525547, 
16, 4.0, 0.0, 7.69618180000007, 0.00583148191851378, 296.156241524168, 1, 1.7756746, 0.00564558080624249, 15.765260788339, 1, 25000, 0.31412, 0.27124, 8.1714, 
15, 1.65, 0.15, 2.64958879999995, 0.00738773316778424, 35.1018769384326, 1, 1.93004179999998, 0.00532828131374541, 18.6254487016446, 1, 459, 0.273913043478261, 0.293478260869565, 8.0304347826087, 
15, 1.96, 0.1, 2.7765136, 0.00358634045246599, 38.545203164114, 1, 1.92886939999999, 0.00795799534060743, 18.6030024597307, 1, 1579, 0.315189873417722, 0.280379746835443, 8.06645569620253, 
15, 4.0, 0.0, 7.6320811999999, 0.0116672381376157, 291.243997839189, 1, 1.76312699999989, 0.00293458787556712, 15.5431271496731, 1, 25000, 0.3114, 0.26508, 8.1684, 
14, 1.65, 0.15, 2.64964640000017, 0.00787861067954925, 35.1034405877004, 1, 1.92630080000008, 0.00598785458754611, 18.5533531324176, 1, 499, 0.288, 0.286, 8.02, 
14, 1.96, 0.1, 2.77457379999996, 0.00669655405121764, 38.4915230774119, 1, 1.92969780000003, 0.00600895423187157, 18.6188485342796, 1, 1549, 0.283870967741935, 0.285806451612903, 8.1058064516129, 
14, 4.0, 0.0, 7.64711640000005, 0.0239414807112957, 292.394812148242, 1, 1.76364799999983, 0.00744445114166682, 15.552548438781, 1, 25000, 0.31388, 0.2742, 8.16584, 
13, 1.65, 0.15, 2.6754726000001, 0.00690812702833352, 35.7910067778518, 8, 1.94647219999997, 0.00909366067983694, 18.9441836001864, 8, 549, 0.34, 0.252727272727273, 8.06909090909091, 
13, 1.96, 0.1, 2.81704660000005, 0.00728660474010768, 39.6790232059024, 8, 1.95631640000001, 0.00650070545713358, 19.1360805804023, 8, 1699, 0.313529411764706, 0.264117647058824, 8.17235294117647, 
13, 4.0, 0.0, 7.71248600000008, 0.0161666128428471, 297.41350829784, 8, 1.79427480000004, 0.00976012420825197, 16.0975865896987, 8, 25000, 0.3138, 0.2724, 8.16448, 
12, 1.65, 0.15, 2.74090539999988, 0.0161544849203296, 37.5641168956578, 8, 2.01339779999998, 0.0142934383183088, 20.2698750171187, 8, 529, 0.29811320754717, 0.277358490566038, 8.29245283018868, 
12, 1.96, 0.1, 2.86422739999989, 0.00682016441449295, 41.0192255677639, 8, 1.99583179999981, 0.0033254711186851, 19.9167781632433, 8, 1629, 0.301226993865031, 0.267484662576687, 8.24110429447853, 
12, 4.0, 0.0, 7.78010299999996, 0.0331485616038275, 302.655507588724, 8, 1.82013280000001, 0.0042937591175369, 16.5645092300162, 8, 25000, 0.31676, 0.26552, 8.16132, 
11, 1.65, 0.15, 2.67578919999978, 0.00629839374423877, 35.7994375629961, 3, 1.95222639999993, 0.00325973284801217, 19.0559927135746, 3, 479, 0.2625, 0.2625, 8.40833333333333, 
11, 1.96, 0.1, 2.81570099999981, 0.00515516420693517, 39.6409934855896, 3, 1.95244039999998, 0.00546959013449774, 19.0602671598416, 3, 1709, 0.302923976608187, 0.246783625730994, 8.40818713450292, 
11, 4.0, 0.0, 7.76049280000007, 0.0142355657195864, 301.127255750921, 3, 1.77596560000002, 0.00220670882511205, 15.7702934097363, 3, 25000, 0.30536, 0.2624, 8.36356, 
10, 1.65, 0.15, 2.67255640000003, 0.00700219138827303, 35.7130337093268, 1, 1.93925000000008, 0.00656003624992703, 18.8036679828796, 1, 549, 0.305454545454545, 0.278181818181818, 8.18, 
10, 1.96, 0.1, 2.79758360000005, 0.00453082463131661, 39.1324726368055, 1, 1.94902640000009, 0.00629068592769376, 18.9937174031338, 1, 1559, 0.305128205128205, 0.27051282051282, 8.2025641025641, 
10, 4.0, 0.0, 7.70977620000022, 0.0160256744927003, 297.204529381664, 1, 1.76824819999993, 0.00243554604965609, 15.6335381434377, 1, 25000, 0.31632, 0.264, 8.17216, 
9, 1.65, 0.15, 2.65712839999996, 0.00375234468578869, 35.3017270708851, 2, 1.93392979999999, 0.00407759411423748, 18.7005054905088, 2, 489, 0.316326530612245, 0.26734693877551, 8.21224489795918, 
9, 1.96, 0.1, 2.77695700000004, 0.0280863823872104, 38.5613951236241, 2, 1.94056539999992, 0.0110301903992746, 18.8295786838855, 2, 1419, 0.301408450704225, 0.283098591549296, 8.17887323943662, 
9, 4.0, 0.0, 7.70486500000006, 0.0203765361923685, 296.826799357266, 2, 1.77780160000002, 0.00478482587353173, 15.8030071176064, 2, 25000, 0.30944, 0.26816, 8.17104, 
8, 1.65, 0.15, 2.65044079999998, 0.00456509042207139, 35.1242863717754, 12, 1.93443420000012, 0.00636843187606373, 18.7103811552734, 12, 429, 0.33953488372093, 0.283720930232558, 8.04186046511628, 
8, 1.96, 0.1, 2.80155679999989, 0.00950249730130203, 39.2440540054029, 12, 1.93527479999993, 0.00542416719514952, 18.7265898655227, 12, 1669, 0.313173652694611, 0.25688622754491, 8.11916167664671, 
8, 4.0, 0.0, 7.64396680000009, 0.0211417489474196, 292.153377065261, 12, 1.76443999999992, 0.00425266697497073, 15.5663329938806, 12, 25000, 0.31612, 0.26668, 8.16892, 
7, 1.65, 0.15, 2.67180600000002, 0.0052053471352481, 35.6928719863744, 3, 1.94730679999993, 0.00587348569087162, 18.9601913558007, 3, 489, 0.287755102040816, 0.253061224489796, 8.21020408163265, 
7, 1.96, 0.1, 2.81032920000016, 0.0117144544798849, 39.4904372040865, 3, 1.9579068, 0.0108861732743171, 19.167587731274, 3, 1609, 0.306211180124224, 0.259006211180124, 8.11863354037267, 
7, 4.0, 0.0, 7.64050800000004, 0.0199791083886552, 291.888808314183, 3, 1.79606720000011, 0.0101217970616274, 16.1297991884599, 3, 25000, 0.31468, 0.25976, 8.18676, 
6, 1.65, 0.15, 2.66901859999998, 0.00914397293537156, 35.6187194969345, 5, 1.95096080000003, 0.00614224321896073, 19.0314288514426, 5, 439, 0.293181818181818, 0.295454545454545, 8.01590909090909, 
6, 1.96, 0.1, 2.79429739999996, 0.00745000876753588, 39.0407673113859, 5, 1.94883100000006, 0.0054835949886609, 18.9898616818762, 5, 1579, 0.305696202531646, 0.278481012658228, 8.07848101265823, 
6, 4.0, 0.0, 7.61382999999996, 0.0298914871561378, 289.856503849519, 5, 1.77431620000016, 0.00816855525534023, 15.7413235143898, 5, 25000, 0.31416, 0.26768, 8.1648, 
5, 1.65, 0.15, 2.65152460000008, 0.00246187551227415, 35.1529438261832, 6, 1.9180018, 0.00419876926732996, 18.393742672333, 6, 609, 0.331147540983607, 0.236065573770492, 8.35573770491803, 
5, 1.96, 0.1, 2.76084699999992, 0.00155024888365745, 38.1113928034008, 6, 1.91840399999992, 0.00332602567631286, 18.4014248483124, 6, 1569, 0.312738853503185, 0.265605095541401, 8.21656050955414, 
5, 4.0, 0.0, 7.58611999999985, 0.0185533882937965, 287.747804413074, 6, 1.7560535999999, 0.00314521309924937, 15.4186706921903, 6, 25000, 0.31356, 0.26436, 8.20152, 
4, 1.65, 0.15, 2.66365019999994, 0.00142978059890605, 35.4751721611614, 10, 1.93937460000006, 0.00334311026448211, 18.8059250775583, 10, 489, 0.302040816326531, 0.26530612244898, 8.2734693877551, 
4, 1.96, 0.1, 2.7790234000001, 0.00398864857295752, 38.6149348353277, 10, 1.9459600000001, 0.00509882472721075, 18.93393159807, 10, 1509, 0.298013245033113, 0.292715231788079, 8.24503311258278, 
4, 4.0, 0.0, 7.54150459999992, 0.0161588141103365, 284.372763695467, 10, 1.77864200000004, 0.00347383540197538, 15.8178971584826, 10, 25000, 0.31468, 0.26668, 8.18396, 
3, 1.65, 0.15, 2.64687940000003, 0.00439974697486832, 35.0299495795899, 4, 1.92249479999982, 0.00338783514343027, 18.4799886672666, 4, 519, 0.255769230769231, 0.261538461538462, 8.42692307692308, 
3, 1.96, 0.1, 2.77805819999994, 0.00511355686017614, 38.5881675552534, 4, 1.92263699999985, 0.00343053016321843, 18.4827240115281, 4, 1649, 0.298181818181818, 0.250909090909091, 8.30545454545454, 
3, 4.0, 0.0, 7.63129339999996, 0.0141838879102241, 291.184200697796, 4, 1.76422440000006, 0.00547018616129019, 15.562588282461, 4, 25000, 0.30556, 0.26144, 8.18608, 
2, 1.65, 0.15, 2.65170240000007, 0.00209915283824862, 35.1576501230438, 3, 1.9301496, 0.0045998513718215, 18.6274931850641, 3, 489, 0.304081632653061, 0.281632653061224, 8.19591836734694, 
2, 1.96, 0.1, 2.78139520000022, 0.00531935335917963, 38.6809377705222, 3, 1.93154940000004, 0.000854905281224848, 18.6544190775178, 3, 1569, 0.293630573248408, 0.270700636942675, 8.27707006369427, 
2, 4.0, 0.0, 7.63981519999979, 0.0278911641955265, 291.83777103594, 3, 1.7704498000001, 0.00318090071543728, 15.6725130622487, 3, 25000, 0.30868, 0.26892, 8.1718, 
1, 1.65, 0.15, 2.70100219999986, 0.00303754462725797, 36.4771105554072, 2, 1.98871180000006, 0.00342761873023268, 19.7749318601481, 2, 429, 0.316279069767442, 0.295348837209302, 7.99767441860465, 
1, 1.96, 0.1, 2.84116459999987, 0.0064728905628267, 40.3612909130232, 2, 1.98821159999989, 0.00538362935549285, 19.7650717491957, 2, 1599, 0.31625, 0.276875, 8.08875, 
1, 4.0, 0.0, 7.67027279999966, 0.0155638427824912, 294.166635298084, 2, 1.81956940000018, 0.00576107991992534, 16.5543299572943, 2, 25000, 0.31484, 0.26368, 8.14268, 
0, 1.65, 0.15, 2.64984599999989, 0.00284871276193729, 35.1084596943991, 2, 1.93550860000014, 0.00385382607831903, 18.7310419632497, 2, 429, 0.316279069767442, 0.295348837209302, 7.99767441860465, 
0, 1.96, 0.1, 2.78838100000012, 0.0041758408495987, 38.8754301940423, 2, 1.92974540000014, 0.00231203837351434, 18.6196132717157, 2, 1599, 0.31625, 0.276875, 8.08875, 
0, 4.0, 0.0, 7.66381220000003, 0.0194892984010832, 293.671986348107, 2, 1.76273359999996, 0.00450295758823071, 15.5362501059792, 2, 25000, 0.31484, 0.26368, 8.14268, 
