NUMBER.NUMBER.PLUS->NUMBER, 1.7045277357637E-006, 2.91959192074685E-011, 1.19067706617407E-007, 
NUMBER.NUMBER.TIMES->NUMBER, 1.62768839322573E-006, 2.65849469784881E-011, 9.55258729719119E-008, 
NUMBER.NUMBER.ATAN2->REAL, 2.02765991974294E-006, 4.14085747848423E-011, 1.7161797211327E-007, 
NUMBER.NUMBER.PT->REAL, 1.75977732533006E-006, 3.10934916510307E-011, 1.11950571044771E-007, 
NUMBER.ABS->NUMBER, 1.38550979339336E-006, 1.92387436381949E-011, 6.50920596584968E-008, 
NUMBER.SQRT_POS->REAL, 1.64785691186026E-006, 2.72131291652277E-011, 7.66845131505091E-008, 
NUMBER.LOG->REAL, 1.76940938773777E-006, 3.14682217418851E-011, 1.26540873926068E-007, 
NUMBER.CEILING->INTEGER, 1.66634908178894E-006, 2.78747318973111E-011, 1.03701144411606E-007, 
NUMBER.COS->REAL, 1.67415569562274E-006, 2.81159192660352E-011, 9.37797068530817E-008, 
NUMBER.NUMBER.NUMBER.MAGNITUDE->REAL, 1.96572877911094E-006, 3.87190473026684E-011, 8.84030386460223E-008, 
NUMBER.NUMBER.NUMBER.ETA->REAL, 2.1353059717316E-006, 4.57052970728472E-011, 1.04871895053374E-007, 
VECTOR.INTEGER.VREF->OBJECT, 1.425007890397E-006, 2.0384455133751E-011, 8.83064305777356E-008, 
VECTOR.VECTOR.TIMES->NUMBER, 1.75998630857757E-006, 3.11732198620623E-011, 1.40606471493028E-007, 
VECTOR-NUMBER.VECTOR-NUMBER.PLUS->VECTOR-NUMBER, 2.06580367603988E-006, 4.28166896598619E-011, 1.18845016918224E-007, 
VECTOR.VECTOR.EFFECTIVEMASS->REAL, 2.7707162412208E-006, 7.70438083816004E-011, 1.65868468357727E-007, 
VECTOR.MOD->REAL, 1.61996572575781E-006, 2.63414710014264E-011, 9.92882042973923E-008, 
CONSTRUCT-VECTORC, 1.62613446802873E-006, 2.65459273351089E-011, 1.01387501201069E-007, 
SIMPLE FUNCTION, 1.26611775051085E-006, 1.60778460855047E-011, 6.8778269764558E-008, 
OBJECT.OBJECT.<=->BOOLEAN, 1.39878367749439E-006, 1.96384550327441E-011, 8.51453278206761E-008, 
OBJECT.OBJECT.>=->BOOLEAN, 1.33439736527021E-006, 1.78301172003114E-011, 4.89427378786025E-008, 
OBJECT.OBJECT.<->BOOLEAN, 1.35079629521828E-006, 1.83113507076303E-011, 8.05260180787001E-008, 
OBJECT.OBJECT.>->BOOLEAN, 1.2690757828069E-006, 1.61418095953285E-011, 6.02297021900545E-008, 
OBJECT.OBJECT.!=->BOOLEAN, 1.35309616746319E-006, 1.83594213357162E-011, 7.12242596875925E-008, 
OBJECT.TYPESOF->TYPE BB, 1.39750607178681E-006, 1.97105221604089E-011, 1.34272094494261E-007, 
BAG-VECTOR.SUM->VECTOR-NUMBER 2 elements, 3.38722019674947E-006, 1.14889660564916E-010, 1.2532116830009E-007, 
BAG-VECTOR.SUM->VECTOR-NUMBER 4 elements, 3.96198944501789E-006, 1.57631990078862E-010, 2.56590423541106E-007, 
BAG-NUMBER.SUM->NUMBER 4 elements, 2.22079638880461E-006, 4.95563195523116E-011, 1.53932955222611E-007, 
BAG-NUMBER.SUM->NUMBER 2 elements, 1.89477082482979E-006, 3.60147295144867E-011, 1.06378911549762E-007, 
BAG.COUNT->INTEGER 2 elements, 1.88096957083066E-006, 3.54746732966671E-011, 9.70608225589836E-008, 
BAG.COUNT->INTEGER 4 elements, 2.17972485658424E-006, 4.76193212965435E-011, 1.0359381855665E-007, 
BAG.NOTANY->BOOLEAN 4 elements, 3.0124749109735E-006, 9.09584051054756E-011, 1.44344800054452E-007, 
BAG.NOTANY->BOOLEAN 1 element, 3.0425922759407E-006, 9.28141964282054E-011, 1.55086702223336E-007, 
BAG.SOME->BOOLEAN 1 element, 3.41589536986733E-006, 1.17160010319787E-010, 2.1831136960244E-007, 
BAG.SOME->BOOLEAN 4 elements, 3.45906391194871E-006, 1.20020704559792E-010, 1.92216828173926E-007, 
BAG.COUNT->INTEGER 4 elements, 2.1438209205985E-006, 4.60613910109562E-011, 1.00851184920189E-007, 
BAG.COUNT->INTEGER 2 elements, 1.86678705978703E-006, 3.48876941466923E-011, 6.22534182267727E-008, 
INTEGER.BAG.ATLEAST->BOOLEAN 2 elements, 2.05912365586281E-006, 4.2605569211447E-011, 1.43410916637697E-007, 
INTEGER.BAG.ATLEAST->BOOLEAN 4 elements, 2.03498853269879E-006, 4.14869335655309E-011, 8.66892631039698E-008, 
BAG.MINAGG2->NUMBER.OBJECT 4 elements, 4.16522083063398E-006, 1.74531479466979E-010, 3.22619557297225E-007, 
BAG.MINAGG2->NUMBER.OBJECT 2 elements, 3.23115955792703E-006, 1.04652023323999E-010, 1.57512677637974E-007, 
FUNCTION.MAKEBAG->BAG, 1.79327716845794E-006, 3.23602583522292E-011, 1.42066295476426E-007, 
OBJECT.VECTOR.NEW_STRUCT->STRUCT, 1.90867578151359E-006, 3.64908750302591E-011, 7.77448653571409E-008, 
VECTOR.TRANSPOSE->VECTOR, 3.54850461064539E-006, 1.26212104124167E-010, 1.71246724479905E-007, 
VECTOR.OBJECT.TRANSPOSE->VECTOR, 3.6440964328714E-006, 1.33116964301089E-010, 1.79604059093413E-007, 
STRUCT.INTEGER.GET_SLOT->OBJECT, 1.73408970467839E-006, 3.01948870210619E-011, 1.11452224000171E-007, 
STRUCT.INTEGER.GET_SLOT_BAG->OBJECT, 1.80737218962473E-006, 3.29279328248423E-011, 1.61861208000411E-007, 
STRUCT.INTEGER.OBJECT.SET_SLOT->BOOLEAN, 1.57142380016381E-006, 2.48274441149102E-011, 1.15635858494468E-007, 
STRUCT.INTEGER.VECTOR.SET_SLOTVECTOR->BOOLEAN, 1.58097060712253E-006, 2.507295201866E-011, 8.84711324705457E-008, 
STRUCT.INTEGER.VECTOR.FUNCTION.SET_SLOTVECTOR->BOOLEAN, 1.63488017288297E-006, 2.68143649302602E-011, 9.27540475675077E-008, 
EVENT.CLOSEDNFFN->LEPTON 2 particles, 1.48492965629489E-006, 2.21612455946814E-011, 1.05396751961685E-007, 
FUNCTION.INTEGER.EVENT.CLOSEDNF->PARTICLE 2 particles, 4.38712125627965E-006, 1.93278248133561E-010, 2.8459075187954E-007, 
EVENT.CLOSEDNFFN->LEPTON 4 particles, 1.46321071712118E-006, 2.15075019579804E-011, 9.88159556942908E-008, 
FUNCTION.INTEGER.EVENT.CLOSEDNF->PARTICLE 4 particles, 4.31112103870895E-006, 1.86464123778447E-010, 2.46267674382551E-007, 
