NUMBER.NUMBER.PLUS->NUMBER, 4.8388347163287E-06, 2.34154411754563E-10, 3.34628676059072E-08, 
NUMBER.NUMBER.TIMES->NUMBER, 4.79193458695981E-06, 2.29629792543098E-10, 1.8497800088609E-08, 
NUMBER.NUMBER.ATAN2->REAL, 5.31243069908197E-06, 2.94896824885557E-10, 1.12594962409833E-06, 
NUMBER.NUMBER.PT->REAL, 4.87751253148344E-06, 2.37904623420981E-10, 1.82714892703085E-08, 
NUMBER.NUMBER.MODULO->REAL, 4.92286780585857E-06, 2.42347444927163E-10, 1.08193695565676E-08, 
NUMBER.ABS->NUMBER, 4.4458955186376E-06, 1.97660698327441E-10, 9.10330172107901E-09, 
NUMBER.SQRT_POS->REAL, 4.70292638393655E-06, 2.21176333516664E-10, 1.0806430487343E-08, 
NUMBER.LOG->REAL, 4.77077515378506E-06, 2.27602981689794E-10, 1.61276362466858E-09, 
NUMBER.CEILING->INTEGER, 4.71671909304938E-06, 2.22475544959932E-10, 1.07467788971458E-08, 
NUMBER.COS->REAL, 4.75342404057424E-06, 2.25951769440546E-10, 1.16976299074488E-08, 
NUMBER.NUMBER.NUMBER.MAGNITUDE->REAL, 5.13284976963199E-06, 2.63467755323783E-10, 2.50753816950764E-08, 
NUMBER.NUMBER.NUMBER.ETA->REAL, 5.26760157683077E-06, 2.77476941781476E-10, 8.23443486977809E-09, 
NUMBER.NUMBER.NUMBER.PLUS->NUMBER, 4.92247963197844E-06, 2.42309982674656E-10, 1.38758863867817E-08, 
OBJECT.OBJECT.OBJECT.NOT_IN->BOOLEAN, 4.93718868015012E-06, 2.43759490699983E-10, 1.08169587156978E-08, 
NUMBER.NUMBER.NUMBER.NUMBER.EFFECTIVEMASS->REAL, 5.68974395591226E-06, 3.23732594321148E-10, 8.55267646526911E-09, 
OBJECT.OBJECT.OBJECT.OBJECT.NOT_IN->BOOLEAN, 5.18886252157498E-06, 2.69243900812704E-10, 9.78843526746352E-09, 
CHARSTRING.UPPER->CHARSTRING, 5.26224313138771E-06, 2.7691370593005E-10, 1.29545037668722E-08, 
VECTOR.INTEGER.VREF->OBJECT bbf, 4.75557270276072E-06, 2.26156667276791E-10, 1.39641124379263E-08, 
VECTOR.VECTOR.TIMES->NUMBER, 4.93463058169415E-06, 2.43506452789696E-10, 8.142553556971E-09, 
VECTOR.VECTOR.PLUS->VECTOR, 5.85693176161978E-06, 3.43048594187255E-10, 3.47815821213915E-08, 
VECTOR.VECTOR.VECTOR.PLUS->VECTOR, 6.18786923326495E-06, 3.8290493564006E-10, 2.77112976788285E-08, 
OBJECT.VECTOR.NOT_IN->BOOLEAN, 4.88413755368171E-06, 2.38550941215644E-10, 1.71603694743933E-08, 
VECTOR.VECTOR.EFFECTIVEMASS->REAL, 5.38823156575355E-06, 2.90337869334656E-10, 2.73409451664155E-08, 
VECTOR.MOD->REAL, 4.78066537803986E-06, 2.28548638831551E-10, 1.01205911945752E-08, 
CONSTRUCT-VECTORC, 4.42885827614457E-06, 1.96149434598015E-10, 1.25630261967048E-08, 
SIMPLE FUNCTION, 4.3842895930413E-06, 1.9222122359901E-10, 1.1274939055494E-08, 
OBJECT.OBJECT.<=->BOOLEAN, 4.53522767500054E-06, 2.05690724024041E-10, 2.79703112825185E-08, 
OBJECT.OBJECT.>=->BOOLEAN, 4.39738491179247E-06, 1.93371741777111E-10, 1.34207023316687E-08, 
OBJECT.OBJECT.<->BOOLEAN, 4.49295475473968E-06, 2.01869098897696E-10, 1.63542542372422E-08, 
OBJECT.OBJECT.>->BOOLEAN, 4.43685343622314E-06, 1.96857467722304E-10, 8.85198877556439E-09, 
OBJECT.OBJECT.!=->BOOLEAN, 4.51100998687349E-06, 2.03497301666834E-10, 2.27829982891013E-08, 
OBJECT.OBJECT.=->BOOLEAN, 4.56703238791748E-06, 2.08579355906464E-10, 1.22783695648898E-08, 
OBJECT.TYPESOF->TYPE BB, 4.63066075175917E-06, 2.14433405462888E-10, 1.79317708546594E-08, 
BAG-VECTOR.SUM->VECTOR-NUMBER 2 elements, 6.12220423834604E-06, 3.74815078399494E-10, 1.10952209158904E-08, 
BAG-VECTOR.SUM->VECTOR-NUMBER 4 elements, 6.62905279717752E-06, 4.39448780221974E-10, 2.3174003329176E-08, 
BAG-NUMBER.SUM->NUMBER 4 elements, 5.23978699107301E-06, 2.74557638060244E-10, 1.99021156283545E-08, 
BAG-NUMBER.SUM->NUMBER 2 elements, 4.86828157281709E-06, 2.370052069906E-10, 1.88474621509192E-08, 
BAG.COUNT->INTEGER 2 elements, 4.79822521808179E-06, 2.30230635408242E-10, 9.91450393005273E-09, 
BAG.COUNT->INTEGER 4 elements, 5.07958164320188E-06, 2.58034282334256E-10, 3.57570059158681E-08, 
BAG.NOTANYC->BOOLEAN 4 elements, 4.27235198935266E-06, 1.82530885306981E-10, 9.84935390856776E-09, 
BAG.NOTANYC->BOOLEAN 1 element, 4.27470206179413E-06, 1.82731447507079E-10, 8.18740501764462E-09, 
BAG.SOMEC->BOOLEAN 1 element, 4.33097587256401E-06, 1.87574515661424E-10, 9.97784600499713E-09, 
BAG.SOMEC->BOOLEAN 4 elements, 4.31868636942869E-06, 1.86512125964916E-10, 1.26743442601335E-08, 
BAG.COUNT->INTEGER BB 4 elements, 5.2305360976665E-06, 2.73585765197618E-10, 8.28557598890074E-09, 
BAG.COUNT->INTEGER BB 2 elements, 4.91324267272387E-06, 2.41408072108635E-10, 2.92172857854993E-08, 
INTEGER.BAG.ATLEAST->BOOLEAN 2 elements, 5.22429032588312E-06, 2.72933311175375E-10, 1.10321539850943E-08, 
INTEGER.BAG.ATLEAST->BOOLEAN 4 elements, 5.24589564504567E-06, 2.75196289838204E-10, 1.44175279193706E-08, 
BAG.MINAGG2->NUMBER.OBJECT 4 elements, 5.71156220400873E-06, 3.2622127413524E-10, 1.3586878335643E-08, 
BAG.MINAGG2->NUMBER.OBJECT 2 elements, 5.30705583851177E-06, 2.81650183190188E-10, 1.32908215278737E-08, 
BAG.SUM2->NUMBER.NUMBER 2 elements, 5.8740107171364E-06, 3.4504854532736E-10, 2.91997894293639E-08, 
BAG.SUM2->NUMBER.NUMBER 4 elements, 6.29673393143799E-06, 3.96492979548047E-10, 2.09702523164162E-08, 
BAG.MINAGG4->NUMBER.OBJECT.OBJECT.OBJECT 4 elements, 6.39545717478127E-06, 4.09023324184784E-10, 2.1446305444031E-08, 
BAG.MINAGG4->NUMBER.OBJECT.OBJECT.OBJECT 2 elements, 5.81349889983927E-06, 3.37969435861326E-10, 1.3195745536697E-08, 
FUNCTION.MAKEBAG->BAG, 4.58332315050959E-06, 2.10070760375247E-10, 1.49978507624226E-08, 
TYPE.OBJECT.VECTOR.NEW_SOBJECT->SOBJECT, 5.61083726057689E-06, 3.14815630157736E-10, 8.26142212898407E-09, 
TYPE.OBJECT.OBJECT.VECTOR.NEW_SOBJECT->SOBJECT, 5.70516601519657E-06, 3.25489537620176E-10, 5.87376060913313E-09, 
VECTOR.SOBJECT.TYPE.INTEGER.TRANSPOSE->BOOLEAN, 6.70822022922959E-06, 4.50003327150851E-10, 1.06804138527253E-08, 
VECTOR.SOBJECT.TYPE.INTEGER.INTEGER.TRANSPOSE->BOOLEAN, 7.1116921759549E-06, 5.05764353065159E-10, 1.64225752474195E-08, 
VECTOR.TRANSPOSE->VECTOR, 6.12706496098603E-06, 3.75409973623149E-10, 8.50447953696433E-09, 
SOBJECT.INTEGER.GET_SLOT->OBJECT, 4.84266577147206E-06, 2.34514489454349E-10, 6.09682276471773E-09, 
SOBJECT.INTEGER.GET_SLOT_BAG->OBJECT, 5.20070944404625E-06, 2.70476491261318E-10, 1.64439879578879E-08, 
SOBJECT.INTEGER.OBJECT.SET_SLOT->BOOLEAN, 4.8260626386274E-06, 2.3290959299527E-10, 8.87172879112826E-09, 
SOBJECT.INTEGER.VECTOR.SET_SLOTVECTOR->BOOLEAN, 4.83514327708042E-06, 2.33787286166017E-10, 1.08676909087713E-08, 
SOBJECT.INTEGER.VECTOR.FUNCTION.SET_SLOTVECTOR->BOOLEAN, 4.8497220084356E-06, 2.35198606329306E-10, 7.55472209642904E-09, 
SOBJECT.INTEGER.VECTOR.FUNCTION.SET_SLOTVECTOR->BOOLEAN, 4.85327307119082E-06, 2.35543511219632E-10, 9.57175099952481E-09, 
