0.23
0.203
0.176
0.164
0.164
0.176
0.164
0.164
0.129
0.125
0.148
0.16
0.137
0.141
0.137
0.148
0.129
0.137
0.141
0.16
0.137
0.125
0.141
0.137
0.16
0.137
0.141
0.129
0.129
0.137
0.137
0.125
0.125
0.137
0.141
0.125
0.137
0.129
0.141
0.137
0.141
0.137
0.141
0.137
0.137
0.137
0.129
0.129
0.137
0.231853733
0.251651584
0.247190401
0.25175826
0.262159987
0.243128805
0.254009583
0.246863418
0.263403302
0.255052821
0.258555572
0.263444631
0.26168307
0.239672385
0.25924696
0.241617988
0.239228745
0.245059756
0.245267963
0.243267724
0.224206488
0.241240534
0.233269578
0.24145935
0.252784339
0.239546236
0.23816236
0.244405208
0.137
0.125
0.137
0.121
0.137
0.129
0.129
0.137
0.137
0.129
0.137
0.137
0.125
0.125
0.121
0.137
0.125
0.113
0.129
0.137
0.125
0.125
0.109
0.121
0.125
0.125
0.125
0.137
0.137
0.121
0.129
0.125
0.121
0.227
0.188
0.164
0.137
0.16
0.141
0.16
0.16
0.137
0.16
