#(0.6 0.305 0.518 -0.473)
#(-0.06 0.285 0.146 0.371)
#(-0.592 -0.903 -0.354 0.367)
#(-0.004 0.197 0.154 -0.261)
#(0.344 -0.831 -0.618 -0.553)
#(-0.604 -0.819 -0.174 0.547)
#(0.992 0.393 0.078 0.495)
#(-0.564 0.469 -0.886 0.731)
#(0.072 -0.383 0.934 0.743)
#(0.852 -0.595 -0.222 0.403)
#(-0.272 -0.983 -0.13 -0.465)
#(0.236 -0.235 -0.662 0.603)
#(-0.984 -0.079 0.246 0.903)
#(-0.348 0.397 -0.046 0.979)
#(0.816 0.361 0.398 -0.849)
#(0.492 -0.555 -0.182 -0.373)
#(-0.536 -0.127 -0.09 0.855)
#(-0.764 -0.627 -0.526 -0.029)
#(-0.304 -0.455 -0.45 -0.577)
#(-0.66 -0.315 -0.758 0.059)
#(-0.28 -0.207 -0.906 -0.153)
#(-0.38 0.333 0.866 0.867)
#(-0.4 -0.503 0.814 0.799)
#(0.508 0.597 -0.102 0.459)
#(-0.232 -0.207 0.63 -0.345)
#(-0.348 0.733 -0.734 0.195)
#(0.032 0.553 0.222 -0.545)
#(0.908 0.901 -0.79 -0.133)
#(0.936 0.193 -0.154 -0.057)
#(0.788 -0.099 -0.638 0.179)
#(0.32 -0.055 0.366 0.207)
#(-0.516 -0.475 -0.358 -0.693)
#(0.488 0.417 0.694 0.807)
#(0.756 -0.771 0.482 0.355)
#(-0.384 -0.007 -0.402 -0.609)
#(0.396 -0.795 0.234 0.075)
#(-0.232 0.369 0.246 0.615)
#(0.74 0.845 -0.462 0.339)
#(-0.368 -0.183 0.27 0.367)
#(-0.724 0.677 0.394 0.651)
#(0.68 0.737 0.934 -0.745)
#(0.116 0.029 0.338 0.371)
#(0.528 -0.695 0.638 -0.193)
#(0.412 -0.539 -0.454 -0.053)
#(-0.648 0.593 -0.25 -0.729)
#(0.564 0.701 0.786 0.227)
#(-0.128 0.825 0.398 0.495)
#(0.3 0.869 0.33 0.667)
#(-0.792 -0.527 -0.218 -0.889)
#(0.804 0.909 -0.062 0.915)
#(-0.288 0.009 -0.114 -0.497)
#(0.124 0.789 0.026 0.331)
#(0.744 0.385 -0.474 -0.921)
#(-0.332 0.429 -0.318 -0.637)
#(0.352 0.761 0.206 -0.673)
#(-0.58 0.581 0.57 -0.069)
#(-0.92 -0.815 0.198 -0.233)
#(-0.012 0.957 0.386 0.707)
#(-0.8 0.521 -0.754 0.911)
#(-0.852 -0.027 -0.614 0.475)
#(-0.856 0.993 -0.138 -0.105)
#(-0.556 -0.403 0.098 0.611)
#(0.768 0.201 0.398 -0.177)
#(0.06 -0.747 -0.118 0.123)
#(0.632 0.865 0.854 -0.921)
#(-0.252 0.461 0.674 -0.781)
#(0.704 -0.663 -0.018 -0.129)
#(-0.34 0.757 -0.31 -0.565)
#(-0.328 -0.495 -0.426 0.743)
#(-0.396 0.973 0.498 0.995)
#(-0.208 -0.791 0.558 -0.833)
#(0.092 -0.123 0.57 0.619)
#(-0.584 -0.655 0.838 0.183)
#(0.372 0.541 -0.91 -0.733)
#(-0.496 -0.967 0.942 0.559)
#(-0.308 -0.155 0.538 -0.741)
#(0.184 0.145 -0.922 -0.889)
#(-0.748 0.157 -0.062 -0.525)
#(0.48 0.041 0.334 0.175)
#(-0.644 0.517 -0.118 -0.917)
#(0.536 -0.815 -0.234 0.791)
#(0.244 -0.595 -0.19 -0.285)
#(0.08 -0.215 -0.37 0.671)
#(-0.98 0.197 -0.822 0.987)
#(-0.84 0.865 0.022 -0.121)
#(-0.188 -0.163 0.77 -0.125)
#(0.864 0.329 0.142 -0.929)
#(0.028 -0.507 0.01 -0.309)
#(0.312 0.193 0.854 -0.921)
#(-0.636 0.685 -0.398 0.179)
#(0.368 0.441 0.318 -0.577)
#(-0.612 -0.155 -0.31 0.171)
#(0.408 -0.431 -0.938 0.983)
#(0.804 -0.467 0.53 0.547)
#(-0.64 -0.807 0.462 -0.881)
#(0.252 0.789 0.682 -0.389)
#(0.392 -0.799 -0.746 -0.793)
#(0.42 -0.675 0.53 0.323)
#(0.208 0.745 0.046 0.959)
#(0.284 0.373 0.506 -0.053)
#(-0.12 0.481 -0.026 -0.361)
#(0.548 0.557 0.754 -0.589)
#(-0.64 -0.055 -0.162 0.287)
#(-0.676 -0.059 -0.726 0.411)
#(0.456 -0.415 -0.282 -0.201)
#(-0.876 0.173 0.546 0.451)
#(-0.4 -0.775 0.622 0.239)
#(0.46 -0.971 0.298 0.667)
#(-0.664 0.369 0.95 -0.953)
#(0.276 0.349 0.162 -0.973)
#(-0.064 0.681 0.398 -0.417)
#(-0.308 0.853 0.106 0.059)
#(-0.376 -0.143 -0.474 0.759)
#(-0.124 0.093 0.194 -0.269)
#(0.336 0.489 -0.082 -0.737)
#(0.412 0.021 -0.726 -0.437)
#(-0.616 -0.863 -0.698 0.759)
#(0.02 0.845 0.178 0.003)
#(-0.864 -0.423 0.814 -0.465)
#(0.364 -0.203 -0.966 -0.485)
#(-0.472 0.961 -0.33 -0.137)
#(0.692 0.557 0.018 -0.733)
#(0.48 -0.663 -0.018 0.031)
#(0.604 -0.779 -0.006 -0.325)
#(-0.744 -0.879 0.758 -0.281)
#(0.724 0.701 -0.59 0.291)
#(0.8 -0.999 -0.658 -0.513)
#(0.092 -0.811 -0.438 -0.453)
#(-0.056 0.273 0.262 0.055)
#(-0.316 0.349 -0.254 0.915)
#(0.48 0.649 0.222 0.991)
#(-0.756 0.757 0.554 0.443)
#(0.104 0.497 -0.538 0.631)
#(0.132 -0.819 0.354 0.003)
#(0.336 0.105 -0.402 -0.881)
#(0.3 -0.779 0.73 -0.085)
#(0.568 0.417 0.534 0.967)
#(0.58 -0.435 -0.302 -0.717)
#(0.464 0.905 0.11 0.591)
#(0.396 0.421 -0.006 -0.997)
#(-0.072 -0.127 -0.026 0.887)
#(0.788 0.861 0.21 -0.109)
#(0.832 0.121 0.67 0.815)
#(0.044 -0.363 -0.774 0.075)
#(0.536 -0.959 0.726 0.583)
#(0.5 -0.387 0.194 -0.381)
#(-0.464 -0.151 -0.706 -0.977)
#(0.684 -0.331 -0.406 -0.517)
#(-0.056 -0.303 0.678 -0.361)
#(-0.556 0.333 -0.638 0.755)
#(0.464 0.585 -0.29 -0.593)
#(0.46 -0.155 -0.022 -0.709)
#(0.2 0.337 0.902 0.983)
#(0.18 -0.195 0.738 0.627)
#(0.48 -0.471 0.782 -0.817)
#(-0.116 0.213 -0.422 0.523)
#(-0.6 0.849 0.966 0.023)
#(0.468 0.685 0.786 0.147)
#(-0.32 -0.407 -0.066 -0.273)
#(0.316 0.917 0.154 -0.885)
#(0.056 0.929 0.246 0.599)
#(-0.252 0.173 -0.574 -0.941)
#(-0.832 0.073 -0.946 -0.289)
#(0.924 0.725 -0.886 -0.949)
#(-0.424 0.049 0.054 0.935)
#(0.212 0.429 0.754 -0.333)
#(-0.688 0.953 0.03 0.351)
#(-0.948 0.181 -0.134 0.907)
#(0.52 0.577 0.95 -0.745)
#(-0.348 -0.643 -0.942 0.307)
#(-0.96 0.393 0.654 0.655)
#(-0.708 -0.459 -0.39 0.395)
#(-0.216 -0.847 0.87 -0.041)
#(-0.652 -0.611 0.834 -0.333)
#(-0.128 -0.263 0.75 -0.737)
#(-0.852 0.629 0.17 0.315)
#(0.744 0.881 -0.266 -0.761)
#(-0.268 -0.099 0.21 0.627)
#(-0.08 0.889 0.894 0.991)
#(0.22 -0.043 0.714 0.283)
#(-0.744 -0.255 0.166 -0.857)
#(-0.652 0.589 0.37 0.435)
#(0.144 -0.679 0.318 0.079)
#(-0.948 -0.491 -0.934 0.795)
#(0.504 -0.127 -0.378 0.007)
#(0.036 -0.931 0.162 0.211)
#(0.016 -0.551 -0.146 -0.081)
#(-0.388 0.933 -0.278 0.843)
#(-0.632 -0.047 -0.298 -0.889)
#(-0.812 -0.227 0.114 0.419)
#(0 -0.951 -0.978 -0.769)
#(0.956 0.437 -0.614 0.795)
#(0.904 0.017 0.166 0.407)
#(0.82 -0.563 -0.622 0.003)
#(0.512 0.041 -0.322 -0.433)
#(0.412 -0.315 -0.534 0.603)
#(0.712 -0.959 -0.938 -0.233)
#(-0.652 -0.707 -0.59 0.115)
#(0.992 0.569 -0.082 0.783)
#(0.316 -0.011 -0.39 -0.133)
#(0.488 -0.975 -0.666 0.935)
#(-0.156 0.781 0.322 0.291)
#(0.272 0.121 0.686 0.175)
#(-0.58 -0.907 -0.278 -0.325)
#(-0.68 0.705 0.95 0.775)
#(0.516 0.813 0.082 -0.637)
#(0.944 0.201 -0.578 0.319)
#(-0.964 0.293 0.57 0.555)
#(0.424 -0.367 -0.49 0.887)
#(0.372 -0.403 0.642 0.819)
#(-0.864 -0.663 0.558 -0.385)
#(-0.596 0.997 -0.086 0.091)
#(-0.856 -0.223 -0.922 -0.921)
#(0.884 0.605 0.658 0.051)
#(0.768 -0.839 -0.466 0.943)
#(0.876 -0.155 0.522 0.507)
#(0.504 0.417 0.79 -0.089)
#(0.468 0.989 0.69 -0.621)
#(0.032 -0.583 0.334 -0.017)
#(-0.532 0.197 0.298 0.171)
#(-0.424 0.929 0.278 -0.393)
#(0.148 0.253 0.85 0.819)
#(0.352 0.041 -0.498 0.687)
#(0.748 -0.491 -0.518 -0.933)
#(-0.744 -0.207 -0.906 -0.361)
#(-0.188 -0.627 -0.702 0.403)
#(0.864 0.873 -0.658 0.895)
#(0.684 0.453 -0.518 -0.773)
#(0.632 -0.735 -0.794 0.343)
#(0.1 -0.643 -0.334 -0.349)
#(-0.736 0.329 -0.546 -0.193)
#(0.828 0.997 0.89 -0.725)
#(-0.056 -0.095 0.054 -0.425)
#(0.772 -0.227 0.594 0.483)
#(-0.192 0.409 -0.546 0.895)
#(-0.724 -0.107 0.906 -0.325)
#(-0.344 -0.271 0.23 0.551)
#(-0.444 -0.579 0.114 -0.013)
#(0.752 0.889 -0.418 -0.625)
#(-0.26 -0.315 -0.054 -0.725)
#(0.344 -0.559 0.422 -0.905)
#(0.036 -0.067 -0.702 0.147)
#(0.832 -0.487 0.126 0.639)
#(-0.084 0.197 -0.934 -0.261)
#(0.728 -0.303 -0.57 0.775)
#(-0.684 -0.035 0.274 -0.093)
#(-0.96 -0.519 0.142 0.095)
#(-0.74 0.021 0.682 0.907)
#(0.376 0.817 0.07 0.151)
#(0.388 0.093 0.13 0.083)
#(0.176 -0.247 -0.53 -0.881)
#(0.54 -0.587 0.586 -0.773)
#(0.552 -0.319 -0.586 0.023)
#(0.5 0.413 0.338 0.243)
#(0.736 -0.759 0.158 0.191)
#(-0.276 -0.107 -0.63 -0.293)
#(-0.712 -0.303 -0.714 0.567)
#(-0.476 -0.083 0.29 0.323)
#(0.464 0.297 0.478 0.847)
#(-0.468 -0.859 -0.262 -0.245)
#(-0.84 -0.671 -0.202 0.583)
#(-0.972 0.909 -0.318 0.579)
#(0.128 0.201 0.83 0.111)
#(0.62 0.373 0.634 0.315)
#(0.952 0.065 -0.634 0.039)
#(-0.764 0.973 0.274 -0.461)
#(-0.704 0.281 0.094 -0.145)
#(-0.164 0.053 0.442 -0.773)
#(-0.68 0.129 0.022 -0.089)
#(0.916 -0.499 0.274 -0.157)
#(-0.816 0.473 0.014 -0.177)
#(-0.708 0.677 -0.07 -0.341)
#(-0.728 -0.143 0.838 0.135)
#(0.228 0.845 0.578 -0.733)
#(-0.048 0.441 -0.562 0.399)
#(0.844 0.373 -0.55 -0.645)
#(-0.872 0.001 -0.762 0.743)
#(0.5 0.253 0.674 0.307)
#(0.848 0.953 0.334 0.927)
#(0.94 0.389 -0.934 -0.821)
#(0.888 -0.671 0.534 -0.297)
#(0.004 -0.275 0.178 -0.317)
#(0.096 0.889 0.398 0.367)
#(0.508 0.693 -0.838 0.251)
#(0.008 0.001 -0.282 0.279)
#(0.212 -0.867 0.738 0.403)
#(-0.256 0.729 -0.114 -0.865)
#(-0.084 0.053 0.682 0.603)
#(-0.936 -0.015 -0.89 0.759)
#(-0.428 -0.291 0.754 0.307)
#(-0.336 0.633 0.926 -0.945)
#(0.636 -0.843 0.218 0.315)
#(-0.584 -0.975 0.854 0.407)
#(-0.716 0.829 -0.494 -0.797)
#(0.88 0.265 -0.466 -0.209)
#(-0.276 -0.123 -0.934 0.763)
#(-0.312 -0.239 0.342 -0.105)
#(0.852 -0.979 -0.83 0.819)
#(-0.32 0.761 -0.258 0.799)
#(-0.516 0.981 0.906 -0.245)
#(0.728 -0.303 -0.954 0.071)
#(0.564 0.637 0.722 -0.765)
#(0.944 0.329 0.206 0.463)
#(0.428 -0.379 -0.55 0.187)
#(0.088 -0.975 -0.282 -0.425)
#(-0.14 -0.323 0.882 0.835)
#(-0.56 -0.855 0.334 -0.657)
#(-0.132 0.933 0.346 0.475)
#(0.168 -0.111 0.518 0.903)
#(0.996 -0.243 0.61 0.259)
#(0.192 0.953 -0.402 0.831)
#(0.652 0.117 0.602 -0.197)
#(0.216 -0.607 0.438 0.135)
#(0.82 -0.883 -0.654 0.131)
#(0.032 -0.855 0.958 -0.529)
#(-0.244 -0.555 -0.694 -0.629)
#(0.472 0.497 0.614 0.295)
#(0.436 -0.595 0.098 -0.397)
#(-0.624 -0.231 0.174 -0.385)
#(-0.644 -0.251 0.938 -0.469)
#(0.056 0.801 0.934 0.487)
#(0.164 0.685 0.498 0.419)
#(0.704 0.313 -0.77 0.671)
#(-0.324 0.613 -0.502 0.443)
#(-0.184 -0.447 -0.314 -0.969)
#(0.132 0.813 0.594 -0.765)
#(-0.48 -0.103 -0.242 0.943)
#(0.876 -0.731 -0.886 -0.197)
#(0.92 0.433 0.646 -0.585)
#(-0.876 0.445 0.978 -0.429)
#(-0.096 0.873 -0.354 -0.529)
#(0.604 -0.507 0.874 0.795)
#(-0.296 -0.959 -0.09 0.247)
#(-0.348 -0.883 -0.494 0.467)
#(-0.08 -0.871 -0.946 -0.721)
#(-0.116 -0.315 0.73 -0.661)
#(0.152 -0.799 0.726 0.279)
#(-0.86 0.957 -0.686 -0.493)
#(-0.352 -0.647 0.654 -0.785)
#(-0.628 0.693 -0.374 -0.181)
#(0.968 0.561 0.582 -0.233)
#(-0.636 0.765 -0.462 0.067)
#(0.368 0.153 0.126 -0.097)
#(-0.276 -0.331 0.922 0.555)
#(0.424 0.561 0.854 0.311)
#(0.452 0.909 0.626 -0.621)
#(-0.368 0.249 0.286 -0.529)
#(-0.628 -0.811 -0.406 0.011)
#(-0.936 0.961 0.006 -0.713)
#(-0.268 -0.483 -0.83 0.851)
#(0.928 -0.855 -0.194 0.319)
#(-0.516 -0.555 0.474 -0.325)
#(0.44 0.401 0.422 -0.089)
#(-0.492 -0.515 -0.078 0.611)
#(0.64 0.953 -0.77 0.735)
#(-0.26 0.325 0.154 0.267)
#(-0.408 0.817 0.31 -0.329)
#(0.132 0.445 0.994 0.275)
#(-0.064 0.361 0.99 0.255)
#(-0.596 -0.283 0.41 -0.085)
#(0.824 0.337 -0.762 0.167)
#(0.964 -0.115 -0.494 -0.141)
#(0.32 0.345 0.238 -0.385)
#(-0.42 0.997 -0.374 0.475)
#(-0.632 -0.047 0.038 0.359)
#(-0.556 -0.771 0.082 -0.749)
#(0.816 -0.455 0.046 0.367)
#(-0.308 0.629 0.698 0.891)
#(0.344 -0.767 0.23 0.519)
#(-0.428 0.029 0.978 0.531)
#(-0.48 -0.615 0.942 -0.945)
#(0.444 0.357 -0.726 -0.373)
#(-0.056 -0.783 -0.554 0.663)
#(0.756 -0.435 0.802 0.739)
#(0.672 -0.071 0.11 0.831)
#(-0.404 -0.603 -0.454 0.619)
#(0.392 0.385 0.742 -0.201)
#(-0.3 0.333 -0.878 -0.509)
#(-0.752 -0.183 -0.37 -0.481)
#(0.332 -0.667 0.602 0.411)
#(0.904 0.593 -0.682 -0.825)
#(-0.044 -0.947 -0.59 -0.253)
#(0.992 -0.471 -0.322 -0.657)
#(-0.372 0.901 0.81 0.811)
#(0.28 0.225 0.534 0.007)
#(-0.892 0.637 -0.574 -0.461)
#(-0.992 0.281 0.062 0.287)
#(-0.788 -0.299 0.058 -0.085)
#(0.456 -0.687 0.742 0.247)
#(0.436 -0.691 0.162 0.627)
#(-0.576 0.441 -0.578 -0.177)
#(0.748 -0.427 0.474 -0.421)
#(0.168 0.321 0.486 0.311)
#(-0.124 -0.019 -0.846 0.931)
#(-0.128 -0.503 0.062 0.271)
#(-0.5 -0.395 -0.966 -0.373)
#(0.84 -0.367 -0.666 -0.377)
#(-0.204 -0.739 0.498 -0.813)
#(0.224 0.361 -0.626 0.527)
#(-0.116 0.213 0.282 0.731)
#(-0.568 -0.031 -0.106 -0.841)
#(0.772 0.125 0.274 0.675)
#(-0.704 0.265 -0.37 0.607)
#(0.06 -0.555 0.458 0.027)
#(-0.376 0.353 -0.874 0.103)
#(-0.86 -0.259 -0.142 -0.125)
#(-0.896 -0.343 0.334 -0.289)
#(-0.404 -0.827 0.81 0.475)
#(-0.52 0.417 0.47 0.871)
#(-0.524 0.733 -0.654 -0.285)
#(-0.88 0.281 -0.578 -0.753)
#(-0.276 -0.011 0.906 0.699)
#(-0.888 -0.703 -0.842 0.471)
#(0.372 0.301 0.866 -0.701)
#(0.864 0.889 -0.722 0.079)
#(0.524 0.581 0.874 0.123)
#(0.456 -0.767 0.342 -0.361)
#(0.58 -0.515 0.114 -0.141)
#(-0.544 0.025 -0.434 -0.929)
#(-0.228 0.853 -0.806 0.923)
#(0.232 0.241 0.998 0.679)
#(0.308 -0.307 0.146 -0.701)
#(0.688 0.809 -0.162 -0.257)
#(0.94 0.709 -0.358 0.571)
#(0.424 0.529 0.758 -0.473)
#(0.772 0.669 0.322 0.147)
#(0.8 -0.647 0.958 -0.113)
#(-0.66 0.133 -0.918 0.379)
#(-0.76 -0.015 -0.778 -0.041)
#(0.564 0.093 0.21 -0.717)
#(-0.56 0.841 -0.882 -0.961)
#(0.492 0.901 0.41 0.635)
#(0.888 0.257 -0.618 0.471)
#(-0.46 -0.115 0.306 0.483)
#(-0.672 -0.279 -0.738 -0.385)
#(0.012 -0.635 -0.134 -0.853)
#(-0.872 -0.831 0.934 0.007)
#(0.964 -0.419 -0.542 -0.813)
#(-0.448 0.009 -0.306 0.639)
#(-0.836 0.757 0.234 0.603)
#(0.568 0.097 0.998 -0.905)
#(0.692 -0.659 -0.414 -0.589)
#(0.896 0.665 0.206 -0.193)
#(0.636 0.565 0.49 0.299)
#(-0.488 -0.431 0.246 -0.201)
#(0.836 0.845 0.994 -0.189)
#(0.544 0.009 0.798 -0.081)
#(0.204 -0.459 0.298 -0.613)
#(-0.968 0.865 0.806 -0.329)
#(-0.572 -0.035 0.386 -0.477)
#(0.336 -0.199 0.286 -0.465)
#(0.508 0.597 0.842 0.715)
#(0.744 0.097 0.39 0.183)
#(-0.396 -0.115 0.402 -0.701)
#(0.32 0.137 -0.866 -0.001)
#(0.716 -0.523 -0.566 0.779)
#(-0.936 -0.783 -0.986 -0.729)
#(-0.14 -0.819 0.114 0.163)
#(0.16 -0.359 0.766 0.799)
#(0.188 -0.011 -0.358 -0.437)
#(-0.904 0.801 -0.986 0.583)
#(-0.988 -0.579 -0.734 -0.861)
#(-0.24 -0.935 -0.418 -0.593)
#(0.252 0.453 0.01 -0.917)
#(-0.52 -0.351 -0.938 0.023)
#(0.196 0.541 -0.526 0.019)
#(-0.736 0.777 -0.322 -0.881)
#(-0.724 0.229 0.666 -0.181)
#(-0.424 0.865 0.886 -0.409)
#(0.196 0.669 -0.942 0.275)
#(0.016 -0.343 0.974 0.303)
#(-0.372 -0.795 -0.55 0.187)
#(-0.872 -0.319 -0.602 0.631)
#(-0.444 0.797 -0.942 0.531)
#(-0.48 -0.711 -0.178 -0.465)
#(0.044 -0.123 -0.774 -0.549)
#(-0.776 0.609 -0.106 0.375)
#(-0.796 0.973 -0.158 0.995)
#(-0.672 0.857 -0.978 -0.337)
#(-0.596 0.949 -0.694 -0.213)
#(0.184 -0.623 -0.41 -0.921)
#(0.564 -0.691 0.05 -0.109)
#(-0.112 0.041 -0.642 0.719)
#(-0.9 -0.363 0.17 0.827)
#(0.408 0.785 0.934 0.679)
#(-0.412 -0.531 -0.318 0.931)
#(-0.384 -0.199 0.798 -0.609)
#(-0.596 -0.251 0.778 0.683)
#(0.856 -0.767 -0.378 0.519)
#(0.644 0.861 -0.366 0.931)
#(-0.512 0.681 0.622 -0.545)
#(-0.276 -0.715 0.698 0.011)
#(0.12 0.689 0.022 -0.585)
#(0.996 0.125 -0.878 -0.829)
#(0.48 -0.295 0.846 0.319)
#(-0.1 0.629 0.01 0.555)
#(0.68 0.289 -0.106 0.679)
#(0.836 -0.563 0.882 -0.765)
#(-0.656 -0.247 0.718 0.863)
#(0.94 0.853 0.842 0.875)
#(0.088 -0.655 -0.298 0.775)
#(0.692 -0.003 0.706 0.147)
#(-0.208 -0.023 -0.93 0.095)
#(-0.276 -0.315 0.682 -0.997)
#(-0.776 -0.687 0.63 0.455)
#(-0.428 0.333 0.754 0.435)
#(-0.656 -0.823 -0.594 0.879)
#(0.332 -0.667 -0.31 -0.421)
#(-0.632 -0.383 0.118 0.119)
#(0.74 0.973 -0.43 -0.253)
#(0.512 0.809 0.846 0.591)
#(0.156 0.565 0.826 0.507)
#(-0.024 0.913 -0.938 0.727)
#(-0.508 0.861 -0.494 0.915)
#(-0.24 0.361 -0.674 -0.337)
#(0.636 0.789 -0.838 0.683)
#(0.344 0.801 -0.058 0.679)
#(0.708 -0.563 0.738 -0.205)
#(0.576 0.473 0.318 -0.689)
#(-0.26 -0.123 -0.694 -0.645)
#(-0.728 -0.575 0.246 0.839)
#(-0.556 0.941 -0.014 -0.893)
#(-0.16 0.201 -0.226 -0.401)
#(-0.26 0.133 -0.582 -0.149)
#(0.136 -0.559 0.966 -0.329)
#(0.372 0.493 0.53 0.275)
#(0.896 0.137 -0.898 -0.833)
#(0.764 0.597 0.634 0.235)
#(-0.04 0.433 0.246 0.007)
#(-0.924 -0.899 -0.366 0.083)
#(-0.08 0.377 0.222 -0.705)
#(-0.612 -0.059 0.97 0.443)
#(-0.216 0.401 -0.01 0.775)
#(0.308 -0.851 -0.142 -0.189)
#(0.176 0.345 0.766 0.111)
#(-0.516 -0.747 -0.438 -0.469)
#(0.328 -0.751 0.358 0.135)
#(-0.348 0.589 0.482 -0.925)
#(0.608 0.057 -0.498 0.879)
#(0.588 -0.251 -0.134 -0.485)
#(-0.936 -0.911 0.23 -0.457)
#(-0.7 0.429 -0.478 -0.221)
#(0.688 0.537 -0.242 0.207)
#(-0.804 -0.555 -0.214 0.619)
#(-0.712 -0.975 0.886 0.183)
#(0.42 -0.851 -0.846 -0.045)
#(0.896 -0.807 0.622 0.111)
#(0.092 0.165 0.394 -0.181)
#(-0.92 0.049 0.134 0.807)
#(0.932 0.669 0.322 -0.397)
#(-0.912 -0.471 0.59 -0.849)
#(-0.244 -0.971 -0.758 0.683)
#(-0.216 0.641 -0.154 -0.905)
#(0.356 -0.643 0.866 -0.653)
#(-0.544 -0.775 -0.05 -0.433)
#(0.508 0.645 0.49 -0.085)
#(0.968 0.257 0.454 -0.729)
#(-0.3 0.813 0.242 -0.541)
#(-0.992 0.329 -0.162 0.751)
#(0.284 -0.587 0.81 0.603)
#(0.792 0.225 0.486 0.983)
#(-0.876 0.877 -0.574 -0.077)
#(-0.768 -0.327 -0.674 0.751)
#(-0.996 -0.395 -0.374 -0.645)
#(0.488 -0.767 -0.234 -0.489)
#(-0.396 -0.291 0.562 0.867)
#(-0.832 -0.567 0.254 0.447)
#(0.94 -0.923 -0.39 0.955)
#(0.616 -0.367 -0.346 0.535)
#(-0.7 0.797 0.642 -0.893)
#(0.96 0.953 -0.05 -0.017)
#(-0.804 -0.763 0.922 -0.613)
#(0.136 0.225 0.95 -0.729)
#(0.74 0.333 -0.846 -0.605)
#(-0.144 -0.583 -0.754 -0.097)
#(-0.148 -0.539 0.41 0.011)
#(0.184 0.561 0.726 -0.985)
#(0.964 -0.483 0.098 0.963)
#(-0.352 0.857 0.494 0.511)
#(-0.74 -0.123 0.442 -0.933)
#(-0.264 0.321 -0.474 0.279)
#(0.116 0.157 -0.814 0.659)
#(-0.848 0.345 -0.306 0.303)
#(0.892 0.261 -0.486 -0.853)
#(-0.136 0.433 -0.506 0.855)
#(0.996 0.045 0.082 0.307)
#(-0.72 0.073 -0.898 0.511)
#(-0.18 0.933 -0.918 -0.965)
#(-0.264 -0.959 -0.09 -0.569)
#(0.244 0.669 0.306 -0.269)
#(-0.592 -0.935 -0.05 -0.945)
#(-0.212 0.837 -0.534 0.139)
#(0.648 -0.783 0.87 -0.937)
#(-0.812 -0.003 0.77 -0.589)
#(-0.368 0.665 0.574 0.975)
#(-0.532 -0.635 -0.614 0.443)
#(-0.68 -0.255 -0.954 0.199)
#(-0.86 0.669 0.274 0.323)
#(0.656 0.617 -0.274 -0.209)
#(-0.468 0.213 -0.838 -0.949)
#(0.856 0.017 0.774 -0.777)
#(0.132 0.301 -0.366 -0.813)
#(0.048 0.185 -0.114 -0.177)
#(-0.164 -0.795 -0.454 0.731)
#(-0.296 0.929 -0.41 0.519)
#(-0.38 0.269 -0.782 0.899)
#(-0.688 0.825 -0.498 0.367)
#(-0.436 0.965 0.33 0.459)
#(0.84 0.369 0.95 0.791)
#(0.628 -0.099 0.738 0.595)
#(0.256 -0.919 0.078 -0.801)
#(-0.884 0.037 -0.118 -0.149)
#(0.728 -0.479 0.726 -0.985)
#(0.116 -0.515 0.082 -0.029)
#(0.064 0.889 -0.77 0.159)
#(-0.228 0.741 -0.95 -0.773)
#(0.984 0.945 0.854 -0.313)
#(-0.428 -0.355 -0.67 -0.653)
#(-0.336 0.473 -0.338 0.767)
#(0.06 0.405 0.474 0.635)
#(-0.44 0.289 -0.762 0.071)
#(-0.844 -0.947 0.882 -0.605)
#(-0.608 0.313 0.222 0.175)
#(0.012 0.741 -0.47 0.619)
#(0.296 0.257 0.47 -0.777)
#(-0.524 -0.899 -0.638 0.499)
#(0.064 -0.327 -0.194 0.415)
#(-0.836 -0.075 -0.47 -0.869)
#(0.104 0.433 -0.858 0.055)
#(0.772 -0.387 -0.958 -0.813)
#(-0.656 -0.727 -0.034 -0.465)
#(0.588 -0.875 -0.262 -0.997)
#(0.52 -0.751 0.086 0.471)
#(-0.348 0.333 -0.734 -0.733)
#(0.816 -0.519 -0.146 0.255)
#(0.892 -0.235 0.906 -0.325)
#(0.888 0.993 0.166 0.503)
#(-0.796 -0.179 0.466 -0.701)
#(-0.352 0.729 0.014 0.991)
#(-0.34 -0.171 0.474 0.443)
#(0.024 0.001 0.518 0.375)
#(0.916 -0.467 0.178 0.803)
#(0.368 0.185 -0.082 0.623)
#(0.748 0.053 0.698 -0.997)
#(-0.12 0.145 -0.25 -0.473)
#(0.196 0.941 -0.238 -0.861)
#(-0.176 -0.055 -0.722 -0.481)
#(-0.164 0.229 0.074 0.699)
#(-0.088 0.433 -0.41 -0.137)
#(0.292 0.093 -0.878 -0.989)
#(-0.448 0.745 -0.53 0.079)
#(0.204 0.581 -0.054 0.955)
#(-0.44 0.497 -0.138 0.407)
#(0.996 0.845 0.018 0.755)
#(0.256 -0.551 0.846 0.207)
#(-0.308 -0.523 -0.07 -0.773)
#(-0.792 0.897 0.246 -0.969)
#(0.9 -0.579 0.306 0.547)
#(-0.528 0.425 0.158 -0.593)
#(-0.82 0.101 0.634 -0.341)
#(-0.744 0.497 -0.522 -0.297)
#(-0.94 0.125 0.322 -0.941)
#(-0.88 -0.631 0.574 0.479)
#(0.844 0.277 0.97 -0.709)
#(-0.92 0.881 -0.042 -0.857)
#(0.772 -0.467 -0.062 -0.589)
#(0.208 -0.135 0.99 -0.385)
#(0.748 -0.971 0.282 -0.949)
#(-0.488 -0.975 -0.01 -0.153)
#(5800.06 -0.723 0.354 0.899)
#(-0.432 -0.087 0.974 0.575)
#(0.876 0.405 0.362 -0.853)
#(-0.792 -0.991 -0.906 0.743)
#(-0.556 -0.243 0.226 -0.349)
#(-0.368 -0.807 0.446 -0.177)
#(0.54 0.741 0.762 0.059)
#(0.312 0.097 -0.682 0.439)
#(-0.492 0.109 -0.318 0.467)
#(-0.976 0.777 0.734 0.367)
#(-0.18 0.485 0.218 0.747)
#(0.12 -0.959 0.662 0.951)
#(0.66 0.029 0.45 0.067)
#(-0.112 -0.679 -0.93 0.895)
#(0.044 0.165 0.074 0.715)
#(-0.44 0.273 0.39 0.359)
#(0.324 -0.963 0.466 0.819)
#(0 -0.855 0.014 -0.161)
#(0.156 -0.491 -0.406 -0.853)
#(0.856 -0.719 -0.73 -0.649)
#(0.26 0.301 0.002 -0.493)
#(-0.496 0.649 0.174 -0.897)
#(0.492 0.005 -0.022 0.747)
#(0.6 -0.863 -0.042 0.359)
#(-0.14 -0.803 0.866 -0.349)
#(0.688 0.281 -0.37 0.607)
#(-0.964 -0.571 -0.214 -0.901)
#(-0.696 -0.943 -0.65 0.807)
#(0.996 -0.867 0.754 0.867)
#(0.576 0.361 -0.162 0.943)
#(-0.212 -0.187 -0.342 0.283)
#(0.696 0.817 -0.922 -0.937)
#(-0.204 -0.371 0.93 0.003)
#(0.96 0.345 -0.13 -0.193)
#(-0.052 -0.843 0.33 -0.949)
#(-0.136 0.833 -0.25 0.759)
#(0.42 -0.899 -0.126 0.387)
#(-0.304 -0.167 0.91 -0.753)
#(0.876 -0.491 0.65 0.443)
#(-0.856 -0.127 0.742 0.967)
#(0.612 -0.019 -0.11 -0.333)
#(0.96 -0.535 -0.21 0.799)
#(0.348 -0.731 0.41 0.555)
#(0.376 -0.975 0.438 -0.185)
#(0.292 -0.019 -0.878 -0.237)
#(-0.976 -0.183 0.302 0.255)
#(0.556 -0.027 0.138 0.155)
#(0.68 0.705 0.246 -0.857)
#(0.996 -0.083 -0.318 -0.109)
#(-0.784 0.777 -0.786 -0.833)
#(0.844 0.597 0.746 0.155)
#(0.712 0.961 -0.202 0.455)
#(-0.828 0.973 -0.446 0.035)
#(-0.896 -0.039 -0.306 -0.865)
#(0.892 -0.955 -0.566 0.635)
#(-0.744 0.849 -0.698 -0.761)
#(0.436 0.413 0.13 0.563)
#(-0.656 0.089 -0.674 0.719)
#(0.492 0.341 -0.294 -0.501)
#(0.664 -0.671 0.63 -0.265)
#(-0.764 0.477 -0.59 0.291)
#(0.16 -0.007 -0.466 -0.609)
#(0.396 -0.475 0.202 0.907)
#(0.856 -0.431 0.15 -0.633)
#(0.628 -0.947 0.946 -0.381)
#(-0.176 0.697 0.894 0.783)
#(0.908 0.549 -0.102 -0.069)
#(0.76 0.433 -0.554 -0.009)
#(-0.652 0.205 0.93 -0.333)
#(0.096 0.425 -0.258 -0.769)
#(-0.564 -0.827 0.346 -0.309)
#(0.904 0.673 0.038 0.327)
#(0.772 -0.563 -0.158 -0.957)
#(0.928 -0.615 -0.77 0.911)
#(-0.436 -0.251 0.17 -0.805)
#(-0.44 -0.175 -0.714 0.023)
#(0.692 -0.707 0.242 0.755)
#(0.496 -0.039 -0.402 -0.801)
#(-0.468 0.117 0.01 0.699)
#(0.04 0.401 -0.666 0.679)
#(0.276 0.365 -0.286 0.979)
#(-0.096 -0.279 -0.066 0.287)
#(-0.916 -0.091 0.314 0.731)
#(-0.456 -0.511 0.902 -0.793)
#(-0.156 -0.627 0.066 0.787)
#(-0.08 0.089 -0.146 0.655)
#(0.06 -0.667 0.282 0.747)
#(0.344 0.833 -0.474 -0.441)
#(0.644 0.061 -0.542 0.803)
#(0.976 0.761 0.558 -0.497)
#(-0.052 0.773 -0.934 0.379)
#(-0.664 0.545 0.758 0.791)
#(0.996 0.093 0.418 0.339)
#(-0.688 -0.919 0.622 -0.705)
#(0.956 0.277 -0.806 -0.245)
#(0.52 0.481 -0.89 0.087)
#(0.292 -0.051 -0.142 -0.653)
#(-0.544 -0.951 0.83 0.191)
#(-0.212 -0.955 0.698 -0.325)
#(0.072 -0.751 -0.154 0.007)
#(-0.86 -0.291 0.498 0.851)
#(0.592 0.697 0.19 -0.481)
#(0.604 -0.859 -0.982 -0.773)
#(-0.696 0.993 0.518 0.439)
#(-0.156 -0.531 -0.414 0.899)
#(0.224 0.505 -0.754 0.095)
#(0.796 0.981 -0.166 0.555)
#(-0.264 0.993 0.87 -0.857)
#(0.068 -0.099 0.21 0.403)
#(-0.64 -0.519 0.91 -0.529)
#(-0.052 0.005 0.97 -0.821)
#(0.76 -0.143 0.374 0.183)
#(-0.684 -0.627 0.018 -0.317)
#(-0.048 0.649 -0.338 -0.113)
#(-0.388 0.501 -0.774 0.059)
#(-0.472 -0.991 -0.458 -0.825)
#(0.484 0.141 -0.062 -0.285)
#(-0.4 0.761 0.494 0.703)
#(0.38 -0.315 -0.198 0.619)
#(-0.312 0.993 -0.762 -0.057)
#(0.34 -0.275 0.306 0.675)
#(0.288 0.377 0.11 -0.241)
#(-0.564 -0.107 -0.614 -0.485)
#(-0.616 0.257 0.806 0.247)
#(-0.108 0.621 0.77 0.371)
#(0.272 0.057 0.238 0.399)
#(-0.148 -0.523 -0.086 0.955)
#(0.104 0.753 0.086 -0.969)
#(0.052 0.493 -0.286 -0.397)
#(0.448 -0.631 -0.722 0.831)
#(-0.676 -0.299 -0.342 -0.645)
#(0.568 -0.463 -0.682 -0.329)
#(0.004 -0.451 0.978 0.595)
#(0.016 -0.327 -0.61 0.559)
#(-0.532 0.229 0.65 0.587)
#(0.872 0.737 0.198 -0.777)
#(-0.316 -0.339 0.578 -0.461)
#(0.848 0.905 0.03 -0.257)
#(0.076 0.725 0.922 0.411)
#(0.376 0.785 0.15 -0.553)
#(-0.668 -0.963 -0.574 -0.045)
#(-0.144 -0.007 -0.034 0.815)
#(0.892 -0.251 -0.406 0.427)
#(-0.632 0.273 -0.618 0.871)
#(-0.62 0.525 0.642 -0.989)
#(0.768 0.937 -0.706 -0.641)
#(0.46 0.837 -0.886 -0.085)
#(0.728 -0.927 0.086 0.631)
#(-0.7 0.509 0.274 0.179)
#(-0.912 0.297 0.158 0.319)
#(-0.468 -0.491 -0.134 -0.325)
#(0.408 -0.879 -0.138 -0.393)
#(0.788 -0.307 0.13 -0.813)
#(-0.128 0.905 -0.53 -0.529)
#(0.396 -0.539 -0.998 -0.613)
#(0.28 0.609 0.438 0.967)
#(-0.572 0.701 0.274 0.339)
#(-0.608 -0.759 0.222 0.447)
#(0.764 0.645 0.938 0.635)
#(0.136 -0.415 0.982 0.119)
#(-0.94 0.973 -0.03 -0.717)
#(-0.496 -0.263 0.318 0.687)
#(0.844 0.981 -0.998 0.859)
#(-0.28 -0.559 -0.474 -0.041)
#(0.148 -0.339 0.77 0.147)
#(-0.576 -0.327 0.478 -0.609)
#(-0.292 -0.155 -0.182 -0.101)
#(0.024 -0.895 0.39 -0.809)
#(0.852 0.301 -0.43 -0.029)
#(-0.608 -0.743 -0.93 0.543)
#(0.844 0.853 -0.934 -0.053)
#(0.952 0.641 -0.506 -0.201)
#(0.692 -0.659 0.994 -0.525)
#(-0.368 -0.071 0.014 -0.321)
#(0.044 0.165 -0.838 -0.725)
#(-0.424 0.145 -0.33 -0.633)
#(0.324 0.109 0.338 -0.029)
#(-0.464 0.553 0.318 0.799)
#(-0.932 0.677 -0.502 -0.517)
#(-0.68 0.529 0.198 -0.857)
#(0.5 -0.883 0.178 0.835)
#(-0.672 -0.279 0.686 -0.049)
#(0.604 -0.379 0.458 -0.549)
#(-0.376 -0.879 0.71 -0.937)
#(-0.86 0.253 0.978 -0.061)
#(-0.976 -0.279 -0.466 -0.561)
#(-0.548 0.533 -0.566 -0.821)
#(0.904 -0.143 0.614 0.519)
#(-0.188 -0.435 0.034 0.195)
#(0.912 -0.343 -0.882 0.479)
#(0.78 0.485 -0.454 -0.373)
#(0.328 0.177 0.518 -0.025)
#(-0.124 0.381 0.674 0.099)
#(-0.784 -0.471 0.846 0.559)
#(0.492 -0.651 -0.342 -0.037)
#(0.296 0.513 0.134 -0.265)
#(-0.22 -0.723 -0.318 0.867)
#(-0.24 0.425 -0.002 -0.241)
#(-0.292 0.101 -0.198 -0.005)
#(0.584 -0.111 0.518 0.967)
#(-0.796 -0.323 -0.686 -0.797)
#(-0.848 0.233 -0.146 -0.001)
#(0.428 -0.283 -0.806 -0.357)
#(0.232 0.817 0.566 -0.233)
#(-0.348 -0.547 0.018 0.211)
#(0.336 0.905 0.19 0.399)
#(0.492 0.661 0.25 -0.853)
#(-0.792 -0.623 -0.042 0.183)
#(0.004 0.413 -0.734 0.163)
#(0.96 0.281 0.222 0.303)
#(0.06 -0.811 -0.694 -0.757)
#(0.776 0.929 -0.458 0.871)
#(0.292 0.605 -0.654 -0.365)
#(-0.032 0.057 -0.786 0.639)
#(-0.02 0.725 -0.55 0.075)
#(0.456 0.193 -0.906 0.935)
#(0.66 0.989 -0.398 -0.653)
#(-0.256 0.201 -0.914 0.351)
#(0.044 0.277 -0.39 -0.629)
#(0.616 0.849 -0.298 0.471)
#(-0.748 -0.147 0.45 0.003)
#(-0.816 0.329 0.062 -0.353)
#(-0.42 -0.187 -0.39 -0.533)
#(-0.792 -0.975 0.006 -0.889)
#(-0.236 0.301 -0.718 -0.349)
#(0.176 0.009 0.35 -0.161)
#(0.892 0.565 0.554 -0.853)
#(0.472 -0.399 0.806 -0.137)
#(-0.892 -0.259 -0.59 -0.589)
#(0.672 0.953 0.494 0.703)
#(-0.148 -0.891 0.474 -0.293)
#(-0.328 -0.303 0.486 -0.233)
#(0.004 -0.627 -0.142 0.835)
#(0.128 -0.791 0.574 0.095)
#(0.86 -0.219 -0.47 -0.725)
#(0.392 -0.543 -0.266 -0.377)
#(-0.172 0.605 -0.398 -0.477)
#(0.208 -0.647 0.334 0.719)
#(-0.084 -0.651 -0.566 0.283)
#(0.792 0.465 0.854 -0.057)
#(-0.316 -0.979 0.77 -0.701)
#(0.336 0.089 -0.802 0.559)
#(0.876 0.725 0.17 0.971)
#(-0.136 -0.879 -0.218 -0.505)
#(0.884 -0.499 -0.414 -0.061)
#(0.656 -0.967 -0.418 0.127)
#(-0.66 0.341 0.122 0.379)
#(-0.568 0.833 -0.97 -0.857)
#(-0.796 0.189 -0.542 -0.397)
#(0.624 -0.983 -0.978 0.303)
#(0.204 0.453 -0.838 0.443)
#(-0.408 -0.271 -0.634 -0.905)
#(0.66 -0.499 -0.078 0.307)
#(0.448 0.281 0.894 -0.417)
#(-0.452 0.741 -0.294 0.875)
#(-0.104 -0.671 -0.538 -0.553)
#(-0.124 -0.979 -0.75 0.243)
#(-0.912 -0.039 0.318 -0.081)
#(0.78 0.389 0.618 -0.405)
#(-0.984 0.257 -0.09 -0.681)
#(-0.956 0.285 -0.238 0.435)
#(0.4 0.281 0.398 -0.033)
#(0.524 0.981 -0.886 0.459)
#(-0.888 0.321 -0.282 -0.489)
#(-0.892 -0.323 -0.638 -0.829)
#(0.912 -0.439 0.718 0.927)
#(-0.42 -0.491 -0.998 0.731)
#(0.904 0.817 0.662 0.231)
#(0.02 0.733 -0.558 0.067)
#(0.304 -0.407 0.99 0.383)
#(0.7 -0.955 -0.006 -0.597)
#(0.04 -0.687 0.374 -0.841)
#(-0.78 0.925 -0.99 -0.317)
#(0.256 0.649 0.734 0.959)
#(-0.452 0.453 -0.982 0.555)
#(0.056 -0.047 -0.714 0.471)
#(-0.812 -0.851 -0.702 0.995)
#(0.336 0.969 -0.37 -0.545)
#(-0.932 -0.827 0.346 0.491)
#(0.264 0.241 0.534 0.199)
#(-0.668 2100.141 -0.702 -0.877)
#(0.96 -0.455 0.126 0.687)
#(0.668 -0.475 0.314 0.875)
#(-0.696 0.049 -0.73 -0.745)
#(0.244 -0.851 0.258 -0.125)
#(-0.944 -0.759 -0.546 0.735)
#(-0.228 -0.619 0.522 0.091)
#(0.808 0.289 -0.394 0.199)
#(0.772 0.125 -0.078 0.291)
#(0.544 -0.647 0.942 0.191)
#(0.892 -0.715 0.074 -0.917)
#(-0.6 0.625 0.406 0.263)
#(-0.204 0.845 -0.862 -0.109)
#(0.592 -0.567 -0.45 -0.705)
#(0.108 -0.171 0.298 -0.213)
#(-0.68 -0.335 0.822 0.711)
#(-0.924 0.173 -0.126 -0.077)
#(-0.496 -0.039 -0.818 -0.113)
#(0.62 -0.043 0.538 -0.917)
#(-0.168 0.337 0.31 -0.137)
#(-0.156 0.477 -0.654 -0.909)
#(0.16 -0.647 0.59 -0.865)
#(-0.068 0.453 -0.198 0.747)
#(0.776 -0.287 -0.762 0.455)
#(-0.828 0.301 -0.67 0.915)
#(0.72 0.041 0.318 0.303)
#(0.108 0.133 -0.63 -0.229)
#(0.824 0.273 -0.282 -0.521)
#(-0.588 -0.515 -0.414 0.867)
#(0.656 0.889 -0.098 -0.929)
#(0.252 0.741 0.81 0.539)
#(-0.52 0.321 0.918 0.023)
#(-0.396 -0.867 -0.83 0.211)
#(0.752 -0.839 -0.706 0.895)
#(-0.532 0.549 -0.71 0.443)
#(0.52 -0.639 -0.922 0.519)
#(0.212 -0.675 -0.846 -0.749)
#(-0.048 -0.471 -0.418 0.847)
#(-0.068 -0.859 -0.774 -0.757)
#(0.472 -0.895 0.342 -0.713)
#(-0.284 -0.099 0.754 0.691)
#(-0.864 0.265 -0.29 0.751)
#(-0.74 -0.987 -0.742 0.795)
#(0.392 0.961 0.662 -0.329)
#(0.868 0.061 -0.062 -0.861)
#(0.896 -0.567 -0.802 0.431)
#(0.284 -0.235 -0.694 -0.181)
#(0.12 0.225 0.518 -0.713)
#(-0.94 -0.147 0.146 -0.605)
#(-0.208 -0.215 0.75 0.367)
#(0.012 0.997 -0.934 0.219)
#(0.056 0.273 -0.25 0.679)
#(-0.492 -0.227 -0.286 -0.637)
#(0.128 0.249 0.382 0.015)
#(-0.708 -0.907 0.842 -0.965)
#(0.12 -0.431 0.758 0.343)
#(0.692 -0.451 -0.11 0.707)
#(0.32 0.937 0.846 0.575)
#(-0.708 -0.475 -0.438 -0.197)
#(-0.36 -0.367 0.742 -0.025)
#(-0.236 0.445 0.85 0.803)
#(0.56 0.521 -0.466 0.015)
#(0.572 -0.251 0.682 0.763)
#(-0.504 0.865 0.198 0.535)
#(-0.828 0.749 0.53 0.467)
#(0.592 0.537 -0.69 -0.977)
#(-0.068 -0.011 0.426 -0.965)
#(0.712 -0.191 -0.138 -0.841)
#(0.772 -0.627 0.418 0.499)
#(0.08 0.169 -0.882 0.959)
#(-0.292 0.133 -0.902 0.459)
#(0.008 0.273 -0.202 0.631)
#(-0.14 0.637 -0.798 0.451)
#(-0.432 0.665 -0.482 0.287)
#(0.62 0.037 0.986 -0.789)
