#(#[T 23880 0] 16 720650.0 6178950.0 725533.0 6179142.0)
#(#[T 24240 0] 32 722250.0 6176350.0 728221.0 6174755.0)
#(#[T 24420 0] 48 722650.0 6178950.0 723325.0 6175354.0)
#(#[T 24660 0] 64 720950.0 6176250.0 727751.0 6173616.0)
#(#[T 24720 0] 80 727050.0 6173450.0 721160.0 6173871.0)
#(#[T 24840 0] 96 721550.0 6174650.0 726432.0 6176538.0)
#(#[T 24960 0] 112 720450.0 6175350.0 723762.0 6174510.0)
#(#[T 25080 0] 128 721150.0 6175550.0 724504.0 6173728.0)
#(#[T 25080 0] 144 721950.0 6179950.0 724459.0 6176723.0)
#(#[T 25200 0] 160 722350.0 6172750.0 725011.0 6169970.0)
#(#[T 25200 0] 176 727750.0 6174350.0 722918.0 6172505.0)
#(#[T 25260 0] 192 721550.0 6173250.0 723934.0 6175533.0)
#(#[T 25320 0] 208 723050.0 6178450.0 727104.0 6174680.0)
#(#[T 25320 0] 224 723950.0 6179950.0 721578.0 6176671.0)
#(#[T 25380 0] 240 723950.0 6179950.0 725239.0 6175269.0)
#(#[T 25440 0] 256 725750.0 6171650.0 725867.0 6176192.0)
#(#[T 25440 0] 272 724650.0 6177450.0 725647.0 6174390.0)
#(#[T 25500 0] 288 718850.0 6177850.0 725320.0 6174768.0)
#(#[T 25500 0] 304 719150.0 6173350.0 725533.0 6179142.0)
#(#[T 25500 0] 320 725050.0 6174750.0 724106.0 6178277.0)
#(#[T 25560 0] 336 721850.0 6176950.0 718769.0 6179010.0)
