#(#[T 22560 0] 1 719050.0 6177450.0 725239.0 6175533.0)
#(#[T 22740 0] 2 722950.0 6180650.0 725668.0 6175703.0)
#(#[T 22860 0] 3 722550.0 6176450.0 725133.0 6179559.0)
#(#[T 23040 0] 4 725850.0 6176150.0 722671.0 6174207.0)
#(#[T 23100 0] 5 722450.0 6176450.0 725422.0 6175759.0)
#(#[T 23340 0] 6 727550.0 6173550.0 725374.0 6176197.0)
#(#[T 23460 0] 7 725150.0 6178350.0 725320.0 6174768.0)
#(#[T 23460 0] 8 726150.0 6173950.0 718410.0 6177841.0)
#(#[T 23520 0] 9 724150.0 6179850.0 722280.0 6177489.0)
#(#[T 23640 0] 10 722250.0 6177350.0 725668.0 6175703.0)
#(#[T 23700 0] 11 727250.0 6174350.0 720656.0 6172541.0)
#(#[T 23760 0] 12 720050.0 6174750.0 724389.0 6179917.0)
#(#[T 23760 0] 13 724450.0 6179950.0 724668.0 6175928.0)
#(#[T 23820 0] 14 720850.0 6177450.0 724232.0 6177828.0)
#(#[T 23820 0] 15 721350.0 6178150.0 725668.0 6175703.0)
#(#[T 23880 0] 16 720650.0 6178950.0 725533.0 6179142.0)
#(#[T 23880 0] 17 724550.0 6174250.0 723796.0 6179411.0)
#(#[T 23940 0] 18 723450.0 6175050.0 722482.0 6179729.0)
#(#[T 23940 0] 19 727750.0 6174550.0 725040.0 6178020.0)
#(#[T 23940 0] 20 722850.0 6180750.0 723221.0 6173398.0)
#(#[T 23940 0] 21 722750.0 6178450.0 722742.0 6172424.0)
#(#[T 24000 0] 22 719050.0 6173250.0 725646.0 6176726.0)
#(#[T 24000 0] 23 727450.0 6173650.0 723304.0 6172091.0)
#(#[T 24060 0] 24 725850.0 6175750.0 722482.0 6179729.0)
#(#[T 24120 0] 25 720450.0 6174150.0 721594.0 6177875.0)
#(#[T 24120 0] 26 721850.0 6177450.0 725193.0 6176348.0)
#(#[T 24120 0] 27 723350.0 6177750.0 723161.0 6172127.0)
#(#[T 24180 0] 28 723750.0 6181050.0 725112.0 6176196.0)
#(#[T 24240 0] 29 723450.0 6177150.0 720216.0 6175032.0)
#(#[T 24240 0] 30 722750.0 6177550.0 720216.0 6175032.0)
#(#[T 24240 0] 31 727150.0 6173650.0 725735.0 6177046.0)
#(#[T 24240 0] 32 722250.0 6176350.0 728221.0 6174755.0)
#(#[T 24240 0] 33 728850.0 6173550.0 723250.0 6179140.0)
#(#[T 24300 0] 34 723450.0 6178150.0 723909.0 6174892.0)
#(#[T 24300 0] 35 722750.0 6177850.0 723985.0 6181793.0)
#(#[T 24300 0] 36 720850.0 6174850.0 724543.0 6178149.0)
#(#[T 24300 0] 37 722750.0 6177750.0 719407.0 6176396.0)
#(#[T 24300 0] 38 724150.0 6176850.0 725623.0 6172205.0)
#(#[T 24300 0] 39 725550.0 6178950.0 722340.0 6178508.0)
#(#[T 24300 0] 40 722150.0 6180750.0 717565.0 6179777.0)
#(#[T 24360 0] 41 726850.0 6174350.0 724443.0 6179250.0)
#(#[T 24360 0] 42 724350.0 6179950.0 723934.0 6175739.0)
#(#[T 24360 0] 43 722850.0 6175350.0 722482.0 6179729.0)
#(#[T 24360 0] 44 721650.0 6176450.0 722589.0 6172537.0)
#(#[T 24360 0] 45 726250.0 6175850.0 721964.0 6178449.0)
#(#[T 24360 0] 46 719550.0 6176450.0 726432.0 6176538.0)
#(#[T 24420 0] 47 718850.0 6179750.0 725374.0 6176197.0)
#(#[T 24420 0] 48 722650.0 6178950.0 723325.0 6175354.0)
#(#[T 24480 0] 49 724950.0 6177550.0 720773.0 6173888.0)
#(#[T 24480 0] 50 718450.0 6177950.0 724195.0 6175634.0)
#(#[T 24480 0] 51 722750.0 6177550.0 727534.0 6176600.0)
#(#[T 24480 0] 52 720850.0 6174850.0 722726.0 6177220.0)
#(#[T 24480 0] 53 721650.0 6178250.0 724926.0 6179328.0)
#(#[T 24540 0] 54 725350.0 6178550.0 720030.0 6178769.0)
#(#[T 24540 0] 55 722850.0 6177450.0 721213.0 6173714.0)
#(#[T 24540 0] 56 726450.0 6173250.0 723894.0 6175822.0)
#(#[T 24540 0] 57 721950.0 6178850.0 725607.0 6179913.0)
#(#[T 24600 0] 58 722150.0 6172950.0 723952.0 6177786.0)
#(#[T 24600 0] 59 717250.0 6179850.0 725505.0 6176171.0)
#(#[T 24600 0] 60 723150.0 6174650.0 727534.0 6176600.0)
#(#[T 24600 0] 61 722250.0 6180850.0 725021.0 6175476.0)
#(#[T 24600 0] 62 720850.0 6174050.0 724722.0 6176092.0)
#(#[T 24660 0] 63 722050.0 6177250.0 723677.0 6181066.0)
#(#[T 24660 0] 64 720950.0 6176250.0 727751.0 6173616.0)
#(#[T 24660 0] 65 723150.0 6177750.0 726778.0 6176512.0)
#(#[T 24660 0] 66 718750.0 6179850.0 721860.0 6178308.0)
#(#[T 24660 0] 67 720350.0 6174250.0 724988.0 6175624.0)
#(#[T 24660 0] 68 722550.0 6178650.0 720216.0 6175032.0)
#(#[T 24660 0] 69 719350.0 6173150.0 725219.0 6178220.0)
#(#[T 24660 0] 70 724650.0 6179950.0 721213.0 6173714.0)
#(#[T 24660 0] 71 722150.0 6176050.0 725040.0 6178020.0)
#(#[T 24660 0] 72 725150.0 6179250.0 724817.0 6174595.0)
#(#[T 24660 0] 73 721650.0 6178650.0 725668.0 6175703.0)
#(#[T 24720 0] 74 727150.0 6173750.0 721854.0 6180833.0)
#(#[T 24720 0] 75 727750.0 6174150.0 725419.0 6176126.0)
#(#[T 24720 0] 76 722350.0 6178150.0 727626.0 6174694.0)
#(#[T 24720 0] 77 723250.0 6175450.0 725936.0 6178595.0)
#(#[T 24720 0] 78 727650.0 6173150.0 723947.0 6176223.0)
#(#[T 24720 0] 79 725450.0 6179350.0 720592.0 6173031.0)
#(#[T 24720 0] 80 727050.0 6173450.0 721160.0 6173871.0)
#(#[T 24720 0] 81 718450.0 6179250.0 722186.0 6176570.0)
#(#[T 24720 0] 82 718350.0 6178350.0 725913.0 6179062.0)
#(#[T 24720 0] 83 727850.0 6172050.0 722154.0 6175711.0)
#(#[T 24780 0] 84 727350.0 6174450.0 722941.0 6172634.0)
#(#[T 24780 0] 85 721850.0 6172750.0 726433.0 6173390.0)
#(#[T 24780 0] 86 728150.0 6172750.0 722941.0 6172634.0)
#(#[T 24780 0] 87 726250.0 6174850.0 725533.0 6179142.0)
#(#[T 24780 0] 88 725450.0 6179350.0 723762.0 6174510.0)
#(#[T 24780 0] 89 727250.0 6174850.0 724854.0 6179952.0)
#(#[T 24780 0] 90 726950.0 6174650.0 725188.0 6177121.0)
#(#[T 24780 0] 91 719950.0 6178450.0 724588.0 6174254.0)
#(#[T 24840 0] 92 723750.0 6179150.0 725011.0 6169970.0)
#(#[T 24840 0] 93 722450.0 6173350.0 723460.0 6177290.0)
#(#[T 24840 0] 94 722150.0 6179350.0 734399.0 6179391.0)
#(#[T 24840 0] 95 722250.0 6180850.0 724302.0 6175875.0)
#(#[T 24840 0] 96 721550.0 6174650.0 726432.0 6176538.0)
#(#[T 24840 0] 97 719150.0 6178750.0 725815.0 6176580.0)
#(#[T 24840 0] 98 723750.0 6175050.0 722102.0 6178015.0)
#(#[T 24900 0] 99 720850.0 6174150.0 725085.0 6176369.0)
#(#[T 24900 0] 100 719250.0 6176650.0 727558.0 6175082.0)
#(#[T 24900 0] 101 719950.0 6178250.0 722589.0 6172537.0)
#(#[T 24900 0] 102 720350.0 6171950.0 725351.0 6177762.0)
#(#[T 24900 0] 103 722150.0 6176950.0 725533.0 6179142.0)
#(#[T 24900 0] 104 719750.0 6177450.0 727534.0 6176600.0)
#(#[T 24900 0] 105 723250.0 6178450.0 725040.0 6174281.0)
#(#[T 24900 0] 106 722150.0 6180750.0 724413.0 6174669.0)
#(#[T 24900 0] 107 724050.0 6176350.0 719857.0 6175816.0)
#(#[T 24900 0] 108 724150.0 6179650.0 725011.0 6169970.0)
#(#[T 24900 0] 109 727950.0 6173050.0 726281.0 6179913.0)
#(#[T 24960 0] 110 720850.0 6174650.0 724110.0 6175584.0)
#(#[T 24960 0] 111 722050.0 6177350.0 719272.0 6174963.0)
#(#[T 24960 0] 112 720450.0 6175350.0 723762.0 6174510.0)
#(#[T 24960 0] 113 722550.0 6178750.0 726198.0 6178557.0)
#(#[T 24960 0] 114 719250.0 6178550.0 725188.0 6177121.0)
#(#[T 24960 0] 115 727450.0 6174150.0 724443.0 6179250.0)
#(#[T 25020 0] 116 725550.0 6170750.0 724717.0 6174089.0)
#(#[T 25020 0] 117 726450.0 6174550.0 724468.0 6178670.0)
#(#[T 25020 0] 118 720650.0 6174650.0 725646.0 6176726.0)
#(#[T 25020 0] 119 722550.0 6178750.0 726351.0 6174787.0)
#(#[T 25020 0] 120 727750.0 6173150.0 723800.0 6175669.0)
#(#[T 25020 0] 121 725050.0 6174850.0 720216.0 6175032.0)
#(#[T 25020 0] 122 722850.0 6174450.0 722973.0 6177801.0)
#(#[T 25020 0] 123 723650.0 6177550.0 721213.0 6173714.0)
#(#[T 25020 0] 124 721350.0 6174250.0 724230.0 6175860.0)
#(#[T 25020 0] 125 727350.0 6172950.0 724946.0 6176318.0)
#(#[T 25020 0] 126 720750.0 6176450.0 725188.0 6177121.0)
#(#[T 25020 0] 127 719850.0 6172550.0 719792.0 6177819.0)
#(#[T 25080 0] 128 721150.0 6175550.0 724504.0 6173728.0)
#(#[T 25080 0] 129 720850.0 6177250.0 725165.0 6177840.0)
#(#[T 25080 0] 130 722350.0 6179250.0 724364.0 6175215.0)
#(#[T 25080 0] 131 719250.0 6178950.0 720397.0 6173462.0)
#(#[T 25080 0] 132 719450.0 6174950.0 721664.0 6179197.0)
#(#[T 25080 0] 133 723350.0 6179350.0 721962.0 6176305.0)
#(#[T 25080 0] 134 723550.0 6179750.0 725702.0 6176268.0)
#(#[T 25080 0] 135 725650.0 6177250.0 721137.0 6173793.0)
#(#[T 25080 0] 136 722950.0 6175350.0 725011.0 6169970.0)
#(#[T 25080 0] 137 720750.0 6174750.0 723085.0 6172217.0)
#(#[T 25080 0] 138 722650.0 6175950.0 725533.0 6179142.0)
#(#[T 25080 0] 139 719250.0 6174950.0 725201.0 6175795.0)
#(#[T 25080 0] 140 721450.0 6174350.0 723480.0 6177308.0)
#(#[T 25080 0] 141 727050.0 6174250.0 725076.0 6177601.0)
#(#[T 25080 0] 142 723050.0 6179150.0 725419.0 6176126.0)
#(#[T 25080 0] 143 721350.0 6173950.0 726053.0 6175736.0)
#(#[T 25080 0] 144 721950.0 6179950.0 724459.0 6176723.0)
#(#[T 25140 0] 145 718850.0 6179750.0 722973.0 6177801.0)
#(#[T 25140 0] 146 723950.0 6177550.0 725011.0 6169970.0)
#(#[T 25140 0] 147 720750.0 6177750.0 723952.0 6177786.0)
#(#[T 25140 0] 148 720150.0 6178850.0 723985.0 6181793.0)
#(#[T 25140 0] 149 721250.0 6174450.0 723952.0 6177786.0)
#(#[T 25140 0] 150 724550.0 6179750.0 721160.0 6173871.0)
#(#[T 25140 0] 151 722950.0 6178950.0 724988.0 6175624.0)
#(#[T 25140 0] 152 723550.0 6179550.0 722060.0 6175946.0)
#(#[T 25140 0] 153 722150.0 6179150.0 725188.0 6177121.0)
#(#[T 25140 0] 154 724550.0 6179950.0 723763.0 6174665.0)
#(#[T 25140 0] 155 719650.0 6175750.0 725085.0 6176369.0)
#(#[T 25140 0] 156 726450.0 6173750.0 725845.0 6178157.0)
#(#[T 25140 0] 157 720650.0 6176850.0 725464.0 6177735.0)
#(#[T 25140 0] 158 727550.0 6173350.0 723241.0 6172767.0)
#(#[T 25200 0] 159 725350.0 6179550.0 722340.0 6178508.0)
#(#[T 25200 0] 160 722350.0 6172750.0 725011.0 6169970.0)
#(#[T 25200 0] 161 721350.0 6178150.0 725011.0 6169970.0)
#(#[T 25200 0] 162 718450.0 6178850.0 725137.0 6176250.0)
#(#[T 25200 0] 163 724150.0 6181750.0 725505.0 6176171.0)
#(#[T 25200 0] 164 722950.0 6177850.0 723241.0 6172767.0)
#(#[T 25200 0] 165 727650.0 6174250.0 721594.0 6177875.0)
#(#[T 25200 0] 166 725150.0 6174450.0 725011.0 6169970.0)
#(#[T 25200 0] 167 723050.0 6174750.0 726198.0 6178557.0)
#(#[T 25200 0] 168 724550.0 6177350.0 719818.0 6177851.0)
#(#[T 25200 0] 169 723050.0 6177050.0 728840.0 6172666.0)
#(#[T 25200 0] 170 726150.0 6175850.0 721594.0 6177875.0)
#(#[T 25200 0] 171 721050.0 6176350.0 725607.0 6179913.0)
#(#[T 25200 0] 172 726450.0 6174350.0 723839.0 6179424.0)
#(#[T 25200 0] 173 725650.0 6177150.0 722060.0 6175946.0)
#(#[T 25200 0] 174 722150.0 6177150.0 725111.0 6176162.0)
#(#[T 25200 0] 175 718750.0 6180750.0 720828.0 6178183.0)
#(#[T 25200 0] 176 727750.0 6174350.0 722918.0 6172505.0)
#(#[T 25200 0] 177 721950.0 6177250.0 725422.0 6175759.0)
#(#[T 25200 0] 178 723550.0 6174550.0 725108.0 6177209.0)
#(#[T 25200 0] 179 719350.0 6175050.0 724715.0 6176378.0)
#(#[T 25200 0] 180 718650.0 6177750.0 723250.0 6179140.0)
#(#[T 25260 0] 181 718750.0 6177850.0 725065.0 6174795.0)
#(#[T 25260 0] 182 720650.0 6175950.0 726433.0 6173390.0)
#(#[T 25260 0] 183 720050.0 6176250.0 723003.0 6173214.0)
#(#[T 25260 0] 184 726650.0 6176450.0 722482.0 6179729.0)
#(#[T 25260 0] 185 724650.0 6176450.0 725246.0 6171353.0)
#(#[T 25260 0] 186 724350.0 6177850.0 728221.0 6174755.0)
#(#[T 25260 0] 187 725450.0 6178150.0 721028.0 6173661.0)
#(#[T 25260 0] 188 722750.0 6177050.0 720387.0 6173646.0)
#(#[T 25260 0] 189 721750.0 6176550.0 723839.0 6179424.0)
#(#[T 25260 0] 190 728050.0 6173950.0 722686.0 6176111.0)
#(#[T 25260 0] 191 720750.0 6177350.0 724849.0 6175541.0)
#(#[T 25260 0] 192 721550.0 6173250.0 723934.0 6175533.0)
#(#[T 25260 0] 193 720150.0 6175650.0 719855.0 6178720.0)
#(#[T 25260 0] 194 724950.0 6178650.0 720773.0 6173888.0)
#(#[T 25260 0] 195 720850.0 6178050.0 725485.0 6175881.0)
#(#[T 25260 0] 196 722850.0 6174450.0 724705.0 6179880.0)
#(#[T 25260 0] 197 720850.0 6176350.0 724771.0 6177018.0)
#(#[T 25260 0] 198 722550.0 6172650.0 725358.0 6176584.0)
#(#[T 25260 0] 199 722150.0 6179150.0 722686.0 6176111.0)
#(#[T 25260 0] 200 724050.0 6175150.0 721137.0 6173793.0)
#(#[T 25260 0] 201 725250.0 6179250.0 722316.0 6174716.0)
#(#[T 25260 0] 202 724250.0 6179550.0 719320.0 6176605.0)
#(#[T 25260 0] 203 728250.0 6172850.0 725423.0 6175461.0)
#(#[T 25260 0] 204 721950.0 6179650.0 724946.0 6176377.0)
#(#[T 25320 0] 205 719550.0 6173850.0 725374.0 6176197.0)
#(#[T 25320 0] 206 719050.0 6176350.0 727534.0 6176600.0)
#(#[T 25320 0] 207 719150.0 6176550.0 724552.0 6175624.0)
#(#[T 25320 0] 208 723050.0 6178450.0 727104.0 6174680.0)
#(#[T 25320 0] 209 721850.0 6176950.0 725602.0 6175521.0)
#(#[T 25320 0] 210 725350.0 6177150.0 721774.0 6178880.0)
#(#[T 25320 0] 211 723450.0 6178150.0 720216.0 6175032.0)
#(#[T 25320 0] 212 722450.0 6177750.0 720773.0 6173888.0)
#(#[T 25320 0] 213 727950.0 6174250.0 723529.0 6173101.0)
#(#[T 25320 0] 214 719650.0 6173250.0 721962.0 6176305.0)
#(#[T 25320 0] 215 718650.0 6176550.0 722874.0 6173014.0)
#(#[T 25320 0] 216 719350.0 6174650.0 725011.0 6169970.0)
#(#[T 25320 0] 217 725950.0 6175350.0 721021.0 6175974.0)
#(#[T 25320 0] 218 718850.0 6178250.0 725239.0 6175533.0)
#(#[T 25320 0] 219 724850.0 6179050.0 724355.0 6175896.0)
#(#[T 25320 0] 220 719850.0 6175850.0 723268.0 6171272.0)
#(#[T 25320 0] 221 727050.0 6173250.0 721594.0 6177875.0)
#(#[T 25320 0] 222 725850.0 6170950.0 721774.0 6174475.0)
#(#[T 25320 0] 223 721450.0 6174550.0 724628.0 6175941.0)
#(#[T 25320 0] 224 723950.0 6179950.0 721578.0 6176671.0)
#(#[T 25320 0] 225 721850.0 6181050.0 724709.0 6175945.0)
#(#[T 25320 0] 226 721550.0 6178750.0 724714.0 6179116.0)
#(#[T 25320 0] 227 724550.0 6177250.0 722671.0 6174207.0)
#(#[T 25320 0] 228 720850.0 6175550.0 723814.0 6179637.0)
#(#[T 25320 0] 229 719950.0 6173050.0 724978.0 6176548.0)
#(#[T 25320 0] 230 724850.0 6177950.0 722851.0 6175608.0)
#(#[T 25380 0] 231 718250.0 6176950.0 724105.0 6176166.0)
#(#[T 25380 0] 232 718850.0 6176350.0 724346.0 6175692.0)
#(#[T 25380 0] 233 723850.0 6181650.0 727534.0 6176600.0)
#(#[T 25380 0] 234 726150.0 6174750.0 721812.0 6178404.0)
#(#[T 25380 0] 235 727250.0 6174650.0 721060.0 6175158.0)
#(#[T 25380 0] 236 721150.0 6174950.0 724757.0 6179481.0)
#(#[T 25380 0] 237 725350.0 6179150.0 721798.0 6174417.0)
#(#[T 25380 0] 238 725250.0 6174650.0 727534.0 6176600.0)
#(#[T 25380 0] 239 727150.0 6173250.0 721578.0 6176671.0)
#(#[T 25380 0] 240 723950.0 6179950.0 725239.0 6175269.0)
#(#[T 25380 0] 241 727250.0 6173650.0 725184.0 6176227.0)
#(#[T 25380 0] 242 719250.0 6177150.0 724631.0 6175264.0)
#(#[T 25380 0] 243 722950.0 6173950.0 725011.0 6176156.0)
#(#[T 25380 0] 244 727150.0 6173250.0 724988.0 6175624.0)
#(#[T 25380 0] 245 723150.0 6175650.0 723232.0 6178746.0)
#(#[T 25380 0] 246 721850.0 6179650.0 723659.0 6174886.0)
#(#[T 25380 0] 247 721850.0 6177750.0 725085.0 6176369.0)
#(#[T 25380 0] 248 721450.0 6174150.0 724554.0 6173682.0)
#(#[T 25380 0] 249 725750.0 6172150.0 724659.0 6174997.0)
#(#[T 25380 0] 250 722550.0 6181050.0 723850.0 6175982.0)
#(#[T 25380 0] 251 718150.0 6178550.0 722480.0 6176785.0)
#(#[T 25380 0] 252 725350.0 6178650.0 722340.0 6178508.0)
#(#[T 25380 0] 253 719050.0 6173750.0 722825.0 6173359.0)
#(#[T 25380 0] 254 721950.0 6172350.0 726290.0 6179327.0)
#(#[T 25440 0] 255 722950.0 6179050.0 723475.0 6175500.0)
#(#[T 25440 0] 256 725750.0 6171650.0 725867.0 6176192.0)
#(#[T 25440 0] 257 726550.0 6174550.0 721125.0 6178751.0)
#(#[T 25440 0] 258 723750.0 6177250.0 726823.0 6175059.0)
#(#[T 25440 0] 259 725350.0 6177050.0 723149.0 6179250.0)
#(#[T 25440 0] 260 722250.0 6176550.0 726131.0 6177232.0)
#(#[T 25440 0] 261 721750.0 6178550.0 725242.0 6178203.0)
#(#[T 25440 0] 262 727450.0 6174550.0 724110.0 6175584.0)
#(#[T 25440 0] 263 724650.0 6180150.0 719003.0 6176235.0)
#(#[T 25440 0] 264 722850.0 6175050.0 722482.0 6179729.0)
#(#[T 25440 0] 265 724450.0 6179350.0 725112.0 6176196.0)
#(#[T 25440 0] 266 719850.0 6177850.0 725374.0 6176197.0)
#(#[T 25440 0] 267 720150.0 6172950.0 724195.0 6175634.0)
#(#[T 25440 0] 268 723750.0 6176750.0 722742.0 6172424.0)
#(#[T 25440 0] 269 719650.0 6174250.0 722163.0 6176292.0)
#(#[T 25440 0] 270 722450.0 6173750.0 718323.0 6180005.0)
#(#[T 25440 0] 271 720950.0 6176550.0 724924.0 6175725.0)
#(#[T 25440 0] 272 724650.0 6177450.0 725647.0 6174390.0)
#(#[T 25440 0] 273 725250.0 6174350.0 720051.0 6175345.0)
#(#[T 25440 0] 274 724350.0 6180050.0 724631.0 6175264.0)
#(#[T 25440 0] 275 728850.0 6173350.0 721578.0 6176671.0)
#(#[T 25440 0] 276 724150.0 6180050.0 725593.0 6176895.0)
#(#[T 25440 0] 277 726950.0 6171850.0 722316.0 6174716.0)
#(#[T 25440 0] 278 727350.0 6174950.0 721964.0 6178449.0)
#(#[T 25440 0] 279 727250.0 6173050.0 721635.0 6172696.0)
#(#[T 25440 0] 280 727550.0 6174750.0 724635.0 6176090.0)
#(#[T 25440 0] 281 720650.0 6172750.0 721432.0 6176261.0)
#(#[T 25440 0] 282 719750.0 6179250.0 724106.0 6178277.0)
#(#[T 25440 0] 283 718750.0 6179050.0 728643.0 6173006.0)
#(#[T 25440 0] 284 721150.0 6176750.0 725668.0 6175703.0)
#(#[T 25440 0] 285 725050.0 6179350.0 720997.0 6176477.0)
#(#[T 25440 0] 286 719250.0 6178050.0 719840.0 6173713.0)
#(#[T 25440 0] 287 722250.0 6175050.0 726018.0 6177083.0)
#(#[T 25500 0] 288 718850.0 6177850.0 725320.0 6174768.0)
#(#[T 25500 0] 289 720550.0 6179250.0 726290.0 6179327.0)
#(#[T 25500 0] 290 727550.0 6174150.0 725011.0 6169970.0)
#(#[T 25500 0] 291 721350.0 6178450.0 720216.0 6175032.0)
#(#[T 25500 0] 292 719950.0 6177850.0 725647.0 6174390.0)
#(#[T 25500 0] 293 722150.0 6179150.0 720216.0 6175032.0)
#(#[T 25500 0] 294 722950.0 6174450.0 728221.0 6174755.0)
#(#[T 25500 0] 295 721150.0 6174150.0 724616.0 6175786.0)
#(#[T 25500 0] 296 720650.0 6176350.0 724922.0 6176109.0)
#(#[T 25500 0] 297 721950.0 6179050.0 723800.0 6175669.0)
#(#[T 25500 0] 298 721950.0 6176750.0 722941.0 6172634.0)
#(#[T 25500 0] 299 721050.0 6176550.0 727551.0 6172179.0)
#(#[T 25500 0] 300 724550.0 6177450.0 722961.0 6172556.0)
