#(0 0 101 30 0 0 1 39 210675 -1 -1 -1 -1 -1 -1)
#(0 0 102 27 0 0 1 65 348022 -1 -1 -1 -1 -1 -1)
#(0 0 106 27 0 0 1 42 226600 -1 -1 -1 -1 -1 -1)
#(0 0 137371 34 1 0 0 24 127303 119736 -1 -1 -1 -1 -1)
#(0 0 137372 32 1 0 0 0 535 119736 -1 -1 -1 -1 -1)
#(0 0 137373 28 1 0 0 26 137751 119736 -1 -1 -1 -1 -1)
#(0 0 137374 26 1 0 0 52 274988 119736 -1 -1 -1 -1 -1)
#(0 0 137375 23 1 0 0 11 58460 119736 -1 -1 -1 -1 -1)
#(0 0 137376 28 1 0 1 83 443055 119736 -1 -1 -1 -1 -1)
#(0 0 137377 26 1 0 1 62 332212 119736 -1 -1 -1 -1 -1)
#(0 0 137378 30 1 0 1 89 474703 119736 -1 -1 -1 -1 -1)
#(0 0 137379 29 1 0 1 69 369124 119736 -1 -1 -1 -1 -1)
#(0 0 137380 30 1 0 1 94 501103 119736 -1 -1 -1 -1 -1)
#(0 0 137381 34 1 0 0 10 53352 119736 -1 -1 -1 -1 -1)
#(0 0 137382 34 1 0 0 13 69192 119736 -1 -1 -1 -1 -1)
#(0 1 108 30 0 0 1 37 200115 -1 -1 -1 -1 -1 -1)
#(0 1 112 32 0 0 1 83 442985 -1 -1 -1 -1 -1 -1)
#(0 1 114 29 0 0 1 47 252958 -1 -1 -1 -1 -1 -1)
#(0 1 117 26 0 0 1 54 289972 -1 -1 -1 -1 -1 -1)
#(0 1 119 28 0 0 1 25 136822 -1 -1 -1 -1 -1 -1)
#(0 1 120 28 0 0 1 18 99862 -1 -1 -1 -1 -1 -1)
#(0 1 121 29 0 0 1 97 516971 -1 -1 -1 -1 -1 -1)
#(0 1 137383 25 1 0 0 68 359464 119736 -1 -1 -1 -1 -1)
#(0 1 137384 28 1 0 1 90 480003 119736 -1 -1 -1 -1 -1)
#(0 1 137385 27 1 0 0 20 106052 119736 -1 -1 -1 -1 -1)
#(0 1 137386 32 1 0 1 75 400744 119736 -1 -1 -1 -1 -1)
#(0 1 137387 27 1 0 1 79 421948 119736 -1 -1 -1 -1 -1)
#(0 1 137388 32 1 0 0 29 153648 119736 -1 -1 -1 -1 -1)
#(0 1 137389 23 1 0 1 51 274180 119736 -1 -1 -1 -1 -1)
#(0 1 137390 34 1 0 1 82 437672 119736 -1 -1 -1 -1 -1)
#(0 1 137392 29 1 0 0 51 269756 119736 -1 -1 -1 -1 -1)
#(0 1 137393 26 1 0 1 64 342778 119736 -1 -1 -1 -1 -1)
#(0 2 137393 26 1 0 1 64 342778 119736 -1 -1 -1 -1 -1)
#(0 3 137393 26 1 0 1 64 342778 119736 -1 -1 -1 -1 -1)
#(0 4 137393 26 1 0 1 64 342778 119736 -1 -1 -1 -1 -1)
#(0 5 137393 26 1 0 1 64 342778 119736 -1 -1 -1 -1 -1)
#(0 6 137393 26 1 0 1 64 342778 119736 -1 -1 -1 -1 -1)



