#(0 0 101 30 0 0 1 39 210675 -1 -1 -1 -1 -1 -1)
#(0 0 102 30 0 0 1 65 348022 -1 -1 -1 -1 -1 -1)
#(0 0 106 30 0 0 1 42 226600 -1 -1 -1 -1 -1 -1)
#(0 0 108 30 1 0 0 24 127303 -1 -1 -1 -1 -1 -1)
#(0 0 109 30 1 0 0 0 535 119736 -1 -1 -1 -1 -1)
#(0 0 101 40 0 0 1 39 210675 -1 -1 -1 -1 -1 -1)
#(0 0 102 40 0 0 1 65 348022 -1 -1 -1 -1 -1 -1)
#(0 0 106 40 0 0 1 42 226600 -1 -1 -1 -1 -1 -1)
#(0 0 108 40 1 0 0 24 127303 -1 -1 -1 -1 -1 -1)
#(0 0 109 40 1 0 0 0 535 119736 -1 -1 -1 -1 -1)
#(0 1 101 30 0 0 1 39 210675 -1 -1 -1 -1 -1 -1)
#(0 1 102 40 0 0 1 65 348022 -1 -1 -1 -1 -1 -1)
#(0 1 102 50 0 0 1 65 348022 -1 -1 -1 -1 -1 -1)





